ID	SDSSID	PRI_DR7_ID	PRI_DR8_ID	SEC_DR7_ID	SEC_DR8_ID	PRI_DR7_U	PRI_DR7_G	PRI_DR7_R	PRI_DR7_I	PRI_DR7_Z	PRI_DR7_SPECZ	PRI_DR7_PHOTOZ	PRI_DR7_PHOTOZ2	PRI_DR8_U	PRI_DR8_G	PRI_DR8_R	PRI_DR8_I	PRI_DR8_Z	PRI_DR8_SPECZ	PRI_DR8_PHOTOZ	PRI_DR8_PHOTOZ2	SEC_DR7_U	SEC_DR7_G	SEC_DR7_R	SEC_DR7_I	SEC_DR7_Z	SEC_DR7_SPECZ	SEC_DR7_PHOTOZ	SEC_DR7_PHOTOZ2	SEC_DR8_U	SEC_DR8_G	SEC_DR8_R	SEC_DR8_I	SEC_DR8_Z	SEC_DR8_SPECZ	SEC_DR8_PHOTOZ	SEC_DR8_PHOTOZ2
1	587722984435351614	587722984435351614	1237671990804742200	588848900997382148	1237671990804742199	14.951456	13.770964	13.112431	12.773557	12.490586	0.0	0.107211	0.0	15.384151	14.074981	13.344014	12.910889	12.555459	0.0	0.089793	0.0	15.23105	13.902212	13.212225	12.829014	12.598762	0.0	0.094422	0.0	15.51649	14.064972	13.323229	12.911562	12.626768	0.0	0.082546	0.0
2	587724234257137777	587724234257137777	1237679167161761909	587724234257137746	1237679167161761856	15.598561	13.600625	12.776772	12.345063	12.019533	0.01212	0.063074	0.0	15.819234	13.715004	12.769019	12.333892	12.002791	0.012093	0.094002	0.0	15.522488	13.72735	13.001651	12.628512	12.336368	0.01218	0.04368	0.0	15.589792	13.762589	12.957238	12.61479	12.340399	0.012167	0.079665	0.0
3	587726033843585146	587726033843585146	1237654604245106766	587726033843585145	1237654599950336023	16.05197	14.725846	13.710185	13.212331	12.853619	0.0	0.19376	0.0	16.54253	14.534101	13.546559	13.026959	12.632997	0.024072	0.097783	0.0	16.530149	14.368958	13.511249	13.108886	12.818101	0.022672	0.080113	0.0	16.240349	14.277659	13.426939	13.02111	12.730966	0.022647	0.059119	0.0
4	587727177926508595	587727177926508587	1237652899151413294	587727177926508588	1237652899151413295	14.458771	12.964628	12.214299	11.829279	11.510659	0.0	0.077945	0.0	14.31443	12.833766	12.009209	11.638101	11.35268	0.0	0.120231	0.0	15.510389	13.488915	12.558107	12.108339	11.757765	0.012819	0.078964	0.0	15.535675	13.452292	12.442184	11.991072	11.661618	0.0	0.0	0.0
5	587727178988388373	587727178988388658		587727178988388652	1237672796109733939	22.673481	22.10314	21.453264	20.982918	20.560804	0.0	0.375665	0.0	0.0	0.0	0.0	0.0	0.0	0.0	0.0	0.0	25.007164	22.21987	21.549871	21.876762	20.764734	0.0	0.094114	0.0	15.720985	14.970754	14.373334	14.068029	13.73742	0.027102	0.231712	0.0
6	587727222471131318	587727222471131320	1237656242229674150	587727222471131318	1237656242229674146	16.263491	14.706013	14.024334	13.708105	13.396727	0.028533	0.05005	0.0	16.331467	14.906168	14.369287	14.345229	13.763851	0.028504	0.070437	0.0	16.94438	15.051629	14.196651	13.788671	13.473033	0.029234	0.06248	0.0	16.852921	14.965742	14.106683	13.704668	13.397918	0.029211	0.066014	0.0
7	587728676861051075	587728676861051075	1237654608534896736	587728676861050955	1237654608534962193	15.143902	13.451888	12.373295	11.930978	11.653554	0.00966179	0.172434	0.0	14.585697	13.034301	12.137885	11.703104	11.464812	0.009365271	0.153273	0.0	22.452032	22.399324	21.576447	21.339872	20.043962	0.0	0.299261	0.0	23.441986	24.961079	24.705469	22.722353	22.580736	0.0	0.484362	0.0
8	587729227151704160	587729227151704160	1237654948376608866	587729227151704161	1237654948376608867	16.915031	15.347835	14.690271	14.367143	14.050691	0.04674	0.053501	0.0	17.285357	15.635966	14.899315	14.553238	14.398493	0.046749	0.07611	0.0	21.156986	18.56781	17.595825	17.14926	16.804413	0.0	0.122564	0.0	18.596142	16.675787	16.955286	16.190418	15.041458	0.0	0.25683	0.0
9	587731913110650988	587731913110650983	1237657634335555681	587731913110716661		24.557354	25.0693	18.981216	17.903481	17.094238	0.0	0.310891	0.0	15.039832	13.618964	12.97347	12.612741	12.349151	0.009306077	0.065191	0.0	22.343973	21.238052	20.175268	19.781948	19.289623	0.0	0.265432	0.0	0.0	0.0	0.0	0.0	0.0	0.0	0.0	0.0
10	587732136993882121	587732136993882121		587732136993947666	12376578582188523710	16.429678	13.408352	11.863127	11.099557	10.573604	0.0	0.418853	0.0	0.0	0.0	0.0	0.0	0.0	0.0	0.0	0.0	14.167014	12.735492	12.005718	11.619519	11.368648	0.0	0.092049	0.0	13.740781	12.369475	11.597404	11.245737	10.990094	0.0	0.116708	0.0
11	587732772130652231	587732772130652231	1237658493355556919	587732772130652233	12376584933555569211	16.993475	15.159346	14.306977	13.937023	13.677554	0.02594	0.077019	0.0	17.003883	15.099962	14.31076	13.94106	13.657791	0.02589	0.048697	0.0	16.449532	15.137057	14.561027	14.132681	13.843864	0.0	0.067326	0.0	16.147753	15.046158	14.420426	14.033839	13.758933	0.0	0.108033	0.0
12	587733080814583863	587733080814583863	1237658802039488544	587733080814583881	12376588020394885422	16.261742	15.384275	15.086474	15.036817	15.02965	0.016535	0.012966	0.0	16.258587	15.405219	15.177361	15.126918	15.061583	0.016537	0.01395	0.0	21.130379	21.778065	22.500296	22.080406	20.113316	0.0	0.273743	0.0	15.200525	14.371259	14.086441	13.987175	13.834766	0.0	0.017327	0.0
13	587734862680752822	587734862680752243	1237660583905656945	587734862680752244	12376605839056569463	17.339771	15.394112	14.568251	14.150009	13.908121	0.0	0.071747	0.0	17.424179	15.419334	14.537842	14.113116	13.807172	0.0	0.066245	0.0	18.222826	17.83024	17.518391	17.051891	16.888746	0.040674	0.358351	0.0	17.046286	16.14217	15.870758	15.594028	15.438856	0.0	0.0	0.0
14	587735043609329845	587735043609329845		587735043609329866	12376607648342346384	18.030972	16.73498	16.339924	16.070776	15.554635	0.013642	0.067054	0.0	0.0	0.0	0.0	0.0	0.0	0.0	0.0	0.0	20.462667	24.938902	24.681246	24.26372	19.733376	0.0	0.071897	0.0	15.560714	14.494354	14.026391	13.814947	13.671988	0.013715	0.03359	0.0
15	587735665840881790	587735665840881790	1237661387065786478	587735665840881787	12376613870657864915	16.124447	14.914241	14.111745	14.153663	14.119747	0.025219	0.087585	0.0	15.862601	14.252408	13.396467	12.956633	12.604673	0.025972	0.102522	0.0	19.466042	19.207226	19.110281	19.325569	19.456421	0.0	0.082286	0.0	16.56148	15.445755	15.314425	15.022178	15.543504	0.0	0.0	0.0
16	587736941981466667	587736941981466667	1237662663206371362	587736941981466675	12376626632063713636	15.586268	13.925391	13.237638	12.879233	12.654833	0.0102	0.050965	0.0	15.605797	13.91747	13.233258	12.863402	12.649244	0.010153	0.064269	0.0	21.897596	21.270029	20.915644	20.686659	21.415682	0.0	0.094683	0.0	15.466149	14.131516	13.54175	13.207605	12.984042	0.0	0.059305	0.0
17	587738569246376675	587738569246441506	1237664290471346192	587738569246441639	12376642904713463847	21.421347	22.47665	22.828367	22.508663	19.78619	0.0	-9999.0	0.0	17.183832	15.35664	14.496517	14.108626	13.790012	0.060498	0.07272	0.0	20.030691	20.956747	21.687119	24.301962	22.791	0.0	0.029257	0.0	18.92573	21.018217	24.113605	22.355087	22.515427	0.0	0.383273	0.0
18	587738569249390718	587738569249390719	1237664290474295417	587738569249390718	12376642904742954168	19.110933	17.437716	16.592001	16.202702	15.890663	0.082454	0.088014	0.0	19.101965	17.43515	16.595253	16.20435	15.891308	0.082336	0.089276	0.0	18.932055	17.026325	16.049084	15.637467	15.305023	0.081822	0.113183	0.0	18.92803	17.021206	16.050976	15.639952	15.306769	0.081781	0.109053	0.0
19	587739153356095531	587739153356095530		587739153356095531	12376738091939923539	15.314012	14.241016	13.805968	13.59832	13.392646	0.0	0.030421	0.0	0.0	0.0	0.0	0.0	0.0	0.0	0.0	0.0	15.400037	14.605642	14.246948	14.103	13.880852	0.018117	0.025579	0.0	15.425096	14.638749	14.216826	14.075249	13.925278	0.018034	0.068755	0.0
20	587739407868690486	587739407868690483	1237665129093595180	587739407868690484	12376651290935951810	17.098509	16.297421	15.868218	15.58097	15.321517	0.0	0.074616	0.0	16.665836	15.639021	15.146992	14.840049	14.635503	0.034724	0.088141	0.0	16.310835	15.059872	14.464148	14.080178	13.822168	0.0	0.075143	0.0	16.493597	15.260009	14.654955	14.26493	13.982121	0.0	0.082316	0.0
21	587739505541578866	587739505541578866	1237665226766483567	587739505541644294	12376652267665490121	14.852514	13.457146	12.693955	12.308135	11.981498	0.010304	0.1065	0.0	15.03659	13.514046	12.617785	12.176391	11.874507	0.010279	0.139614	0.0	13.646297	12.927128	12.600282	12.484016	12.347257	0.011099	0.017703	0.0	14.442413	13.571485	13.210091	13.094641	12.997907	0.011085	0.02456	0.0
22	587739646743412797	587739646743412797	1237665367968317503	587739646743412796	12376653679683175022	16.900358	15.126359	14.36633	13.978331	13.668118	0.03451	0.044906	0.0	16.567635	14.772716	14.054545	13.689829	13.417808	0.034598	0.059619	0.0	17.071901	15.163998	14.327667	13.946895	13.658986	0.034867	0.060686	0.0	16.745478	14.924084	14.12323	13.739941	13.447105	0.034852	0.047632	0.0
23	587739647284805725	587739647284805725	1237665368509710424	587739647284805726		16.681629	15.389653	14.530474	14.262511	13.955145	0.0	0.128652	0.0	14.847961	13.204932	12.332354	11.962172	11.629188	0.0	0.101951	0.0	15.302299	13.575264	12.68563	12.250041	11.945134	0.0	0.098329	0.0	0.0	0.0	0.0	0.0	0.0	0.0	0.0	0.0
24	587739707420967061	587739707420967061		587739707420967062	12376654286458717154	16.401323	14.560671	13.759185	13.368824	13.023149	0.034178	0.050974	0.0	0.0	0.0	0.0	0.0	0.0	0.0	0.0	0.0	17.762035	15.652161	14.734931	14.268366	13.835633	0.034001	0.081429	0.0	17.315054	15.397403	14.469342	14.021626	13.684829	0.033984	0.084836	0.0
25	587739721376202860	587739721376202860	1237665442601107573	587739721376202859	12376654426011075725	16.750854	14.95959	14.109334	13.606606	13.231113	0.0	0.070161	0.0	18.252998	15.641011	14.551563	13.898797	13.455699	0.0	0.145564	0.0	15.598336	14.334764	13.827614	13.517765	13.334228	0.032746	0.067527	0.0	15.962706	14.814004	14.299191	13.969834	13.776551	0.032691	0.080937	0.0
26	587739721900163101	587739721900163118	1237665443125067852	587739721900163112	12376654431250678496	16.741596	15.745215	15.027555	14.591445	14.277699	0.0	0.144559	0.0	16.132786	14.628552	13.834594	13.345651	12.938022	0.021864	0.05347	0.0	21.596054	23.02083	20.908762	25.890623	26.895382	0.0	0.271109	0.0	15.906043	14.316207	13.478586	13.084243	12.73066	0.021799	0.105506	0.0
27	587739810496708646	587739828210958448	1237665549435863188	587739810496708646	12376655317216133437	14.585646	13.861832	13.398314	13.292858	13.093025	0.010971	0.026767	0.0	14.41194	13.702876	13.221052	13.148395	12.944276	0.010977	0.175158	0.0	15.863363	15.232993	15.03921	14.947292	14.812962	0.011338	0.025198	0.0	15.864429	15.285676	15.135611	15.0635	14.977468	0.011285	0.036473	0.0
28	587739845393580192	587739845393580192	1237665566618484866	587742615635820725		16.37711	14.632433	13.787852	13.350015	12.966213	0.0	0.070946	0.0	16.164707	14.48899	13.660298	13.229266	12.858843	0.0	0.066306	0.0	16.802538	14.961546	14.112959	13.730242	13.429293	0.015501	0.068737	0.0	0.0	0.0	0.0	0.0	0.0	0.0	0.0	0.0
29	587741391565422775	587741391565422762	1237667108501192836	587741391565422763	12376671085011928379	16.485966	14.903812	14.268603	13.9603	13.83468	0.03723	0.052848	0.0	16.703691	14.99561	14.313278	13.988321	13.797119	0.0	0.0	0.0	18.042519	17.316116	17.066708	16.822344	16.634344	0.037549	0.053498	0.0	18.554153	18.034952	17.895889	17.630709	17.560673	0.037534	0.079632	0.0
30	587741532784361481	587741532784361801		587741532784361477	12376672540092661850	23.384769	22.43078	22.465734	21.398809	20.788973	0.0	0.402679	0.0	0.0	0.0	0.0	0.0	0.0	0.0	0.0	0.0	16.284681	14.354671	13.399654	12.939971	12.610593	0.02848	0.096645	0.0	16.159266	14.095218	13.186241	12.78754	12.452226	0.02875	0.091124	0.0
31	587741534400217110	587741534400217409	1237667255625121798	587741534400217128	12376672556251217971	26.542086	20.670029	19.666117	19.481039	21.177605	0.0	0.361447	0.0	16.6001	15.279026	14.632411	14.333795	14.073285	0.02306	0.069437	0.0	22.281744	25.055696	24.758307	24.340385	20.774479	0.0	0.120084	0.0	17.063908	15.26247	14.449808	14.123817	13.7938	0.023338	0.075182	0.0
32	587741602030026825	587741602030026825	1237667323254931594	587741602030027618	12376673232549315422	14.767146	13.616368	13.08848	12.818256	12.70585	0.011538	0.066094	0.0	14.564892	13.495957	12.888554	12.608364	12.294415	0.011504	0.087747	0.0	25.898613	23.770998	22.204597	21.350054	20.578018	0.0	0.465503	0.0	24.155054	24.106045	23.424711	24.188959	22.948587	0.0	0.352622	0.0
33	587741722819493915	587741722819493922	1237667444044398611	587741722819493929	12376674440443986133	20.241907	17.806376	17.643927	17.004215	15.54701	0.0	0.166741	0.0	15.807329	13.986635	13.186873	12.789204	12.535959	0.0	0.0	0.0	22.723295	25.008482	24.731007	24.294167	19.349205	0.0	0.26218	0.0	16.762064	15.312186	14.605722	14.220948	13.899613	0.0	0.0	0.0
34	587741817851674654	587741707794382901	1237667429019287594	587741817851674657		22.264801	21.346996	20.624681	19.870365	19.677259	0.0	0.23699	0.0	16.600264	14.762377	13.955488	13.56163	13.25415	0.029168	0.042753	0.0	24.467939	22.285309	22.41692	22.842894	21.628386	0.0	0.060068	0.0	0.0	0.0	0.0	0.0	0.0	0.0	0.0	0.0
35	587741829658181698	587741829658181698	1237667550883086400	587741829658181697	12376675508830864035	18.167591	17.588421	17.119143	17.052107	16.693384	0.020104	0.253455	0.0	15.596467	14.511413	13.985168	13.728286	13.52401	0.020111	0.047291	0.0	16.135996	14.600714	13.898049	13.57516	13.278511	0.0	0.052238	0.0	22.081461	20.360275	20.219967	20.668175	22.652163	0.0	0.111312	0.0
36	587742010583941189	587742010583941189	1237667731808845852	587742010583941190	12376677318088458586	14.458256	12.567948	11.755517	11.330348	11.033804	0.0	0.059519	0.0	14.227178	12.38958	11.546642	11.149734	10.877896	0.0	0.062429	0.0	15.671105	14.772502	14.252415	14.140413	13.921826	0.00714165	0.025618	0.0	15.611023	14.677191	14.192951	14.099245	13.848595	0.007093393	0.130353	0.0
37	587742014353702970	587742014353702970	1237667735578607673	587742014353702971	12376677355786076727	15.491549	14.224872	13.685184	13.395557	13.196534	0.0	0.055553	0.0	15.583952	14.357177	13.780656	13.476328	13.274217	0.023868	0.071948	0.0	15.997784	14.921208	14.41835	14.115794	13.785666	0.023908	0.050088	0.0	16.175573	15.193167	14.630973	14.342325	13.999422	0.0	0.0	0.0
38	587742571610243080	587742571610243080	1237668292835147790	587742571610243936	12376682928351477898	18.516298	16.851789	16.05699	15.618672	15.269626	0.0	0.059578	0.0	16.961769	15.169388	14.345607	13.969029	13.680534	0.0	0.0	0.0	24.985798	25.329424	22.142723	22.906973	22.362856	0.0	0.280162	0.0	17.046623	15.155322	14.313459	13.948307	13.643681	0.0	0.066063	0.0
39	587745402001817662	587745402001817662	1237671123226722377	587745402001817663	12376711232267223789	16.453062	14.878195	14.1649	13.793009	13.499049	0.028902	0.058292	0.0	16.494596	14.811619	14.096944	13.727604	13.472436	0.028802	0.056559	0.0	17.733791	15.799287	14.963701	14.547496	14.172855	0.0	0.05588	0.0	17.33823	15.651606	14.827108	14.427022	14.084343	0.0	0.0	0.0
40	587746029596311590	587746029596311590	1237671072227459177	587746029596312002	12376710722275246700	15.964752	14.425241	13.803164	13.463149	13.164372	0.0	0.061346	0.0	16.166424	14.570735	13.933573	13.589311	13.282685	0.0	0.071204	0.0	22.074154	21.21846	20.575649	20.485651	20.524887	0.0	0.037743	0.0	23.98765	24.071095	22.977547	22.83831	21.675625	0.0	0.477766	0.0
41	588011124116422756	588011124116422749	1237655370364616782	588011124116422749	12376553703646167821	16.283689	14.96382	14.440279	14.143777	13.868213	0.0	0.057162	0.0	16.334633	15.087278	14.553993	14.146065	13.907469	0.0	0.06733	0.0	16.283689	14.96382	14.440279	14.143777	13.868213	0.0	0.057162	0.0	16.334633	15.087278	14.553993	14.146065	13.907469	0.0	0.06733	0.0
42	588013383816904792	588013383816904792	1237657630065098875	588013383816904793	12376576300650988692	18.285387	16.826942	16.132231	15.723036	15.497894	0.080801	0.084954	0.0	18.264736	16.845682	16.139589	15.735942	15.512693	0.080826	0.101606	0.0	18.043587	16.757332	16.072157	15.612058	15.3224	0.081546	0.093965	0.0	23.942314	21.759726	21.30551	21.663433	20.761745	0.0	0.0	0.0
43	588017604696408086	588017604696408105		588017604696408575	12376618509446021593	23.408102	22.900631	22.778343	22.283215	22.344461	0.0	0.088315	0.0	0.0	0.0	0.0	0.0	0.0	0.0	0.0	0.0	23.446789	23.156534	22.590666	21.754488	21.314646	0.0	0.435205	0.0	27.762226	16.573174	16.958078	16.23176	28.081171	0.0	0.072918	0.0
44	588017604696408195	588017604696408195	1237661850944602320	588017604696408555	12376618509446027024	17.673353	15.874339	15.093785	14.731662	14.446578	0.059753	0.043833	0.0	17.560751	15.809113	15.036358	14.679456	14.390519	0.0	0.0	0.0	23.243223	22.725645	21.933266	21.521418	21.239536	0.0	0.244511	0.0	23.024675	21.652025	21.033504	20.57415	20.302977	0.0	0.098262	0.0
45	588017702948962343	588017702948962343	1237661949197156388	588017702948962344	12376619491971563895	16.289959	14.599575	13.796317	13.392061	13.03448	0.029352	0.067657	0.0	16.30654	14.610924	13.811399	13.399313	13.04424	0.029326	0.046032	0.0	17.016848	15.659545	14.966719	14.609106	14.277616	0.0	0.05885	0.0	16.954147	15.572708	14.892694	14.547841	14.226671	0.0	0.071243	0.0
46	588017978901528612	588017978901528612	1237662225149722680	588017978901528620	12376622251497226876	14.940562	13.060994	12.208369	11.750557	11.35215	0.011636	0.063342	0.0	14.63665	13.039246	12.177679	11.687161	11.284376	0.01158	0.073568	0.0	18.163033	17.070515	16.697395	16.599192	16.358843	0.0	0.029495	0.0	20.801317	19.486635	19.592304	20.248381	21.001375	0.0	0.103795	0.0
47	588018055130710322	588018055130710322	1237662301378904356	588018055130710321		17.790899	16.356461	15.677722	15.230852	14.927802	0.056831	0.073477	0.0	17.799335	16.313547	15.646167	15.213793	14.934903	0.0	0.0	0.0	18.694578	17.002901	16.366016	16.073456	15.824563	0.056812	0.06105	0.0	0.0	0.0	0.0	0.0	0.0	0.0	0.0	0.0
48	758874299603222717	758874299603222717	1237663234988048479	758874299603222658	12376632349880484928	24.437088	22.767052	13.098188	12.72359	12.421151	0.0	0.26089	0.0	15.775378	13.905824	13.018314	12.62107	12.335602	0.0	0.082382	0.0	24.598639	24.493612	21.956472	21.544205	21.047693	0.0	0.164119	0.0	16.567896	15.093426	15.75272	19.453711	24.918556	0.0	0.0	0.0
49	587736523764334706	587736523764334706	1237662266459488385	587736523764334708	12376622664594883879	16.095842	14.401807	13.691675	13.358402	13.191924	0.028898	0.061859	0.0	15.590333	14.158748	13.44792	13.108159	12.873366	0.028822	0.074206	0.0	16.073149	14.973286	14.745485	14.303885	14.222762	0.0	0.062782	0.0	19.332312	18.445343	17.895147	17.705097	17.472479	0.0	0.148872	0.0
50	587747120521216156	587747120521216156	1237680243598622767	587747120521216157	12376802435986227790	20.157509	18.505529	17.687422	17.12797	16.800165	0.0	0.100997	0.0	19.453333	17.406387	16.613756	16.100292	15.815691	0.0	0.108391	0.0	17.221659	16.045584	15.553334	15.217215	15.094347	0.0	0.084725	0.0	18.953272	24.989857	24.976107	24.474741	17.791409	0.0	0.553985	0.0
51	588007005230530750	588007005230530750	1237651251478724805	588007005230530765	12376512514787248061	15.844373	14.041452	13.255326	12.79428	12.451365	0.0	0.067699	0.0	15.680089	13.845348	12.999251	12.553738	12.261398	0.0	0.071991	0.0	14.854392	13.808932	13.189305	12.790703	12.651865	0.0	0.146329	0.0	15.655613	14.145319	13.362346	12.988154	12.732655	0.0	0.0	0.0
52	758877153600208945	758877153600208945		758877153600208980	12376803101632758352	16.716722	14.785315	13.899213	13.458858	13.120443	0.0	0.066191	0.0	0.0	0.0	0.0	0.0	0.0	0.0	0.0	0.0	17.544565	15.810463	14.942547	14.577682	14.282254	0.0	0.092686	0.0	17.585289	15.73754	14.935981	14.5591	14.275356	0.0	0.047161	0.0
53	587739720308818095	587739720308818090	1237665441533722825	587739720308818074	12376654415337228143	17.310011	16.056467	15.260267	14.870708	14.658152	0.0	0.164695	0.0	17.530741	16.070511	15.275871	14.888684	14.645576	0.0	0.0	0.0	19.038755	17.367189	16.507113	16.042986	15.656211	0.0	0.071171	0.0	18.448061	16.912674	16.180704	15.722683	15.43795	0.0	0.074482	0.0
54	1237678620102623480		1237678620102623480		12376786201026889074	0.0	0.0	0.0	0.0	0.0	0.0	0.0	0.0	20.54928	18.569601	17.66976	17.185617	16.824156	0.0	0.076611	0.0	0.0	0.0	0.0	0.0	0.0	0.0	0.0	0.0	20.10009	18.236904	17.297327	16.892805	16.590929	0.0	0.101178	0.0
