-----------------------------------------------------------------------------------------
Dust Lane Spheroidal Galaxies- Galaxy Evolution Explorer (GALEX) Photometry
----------------------------------------------------------------------------

Yuan-Sen Ting (yuan-sen.ting@cfa.harvard.edu)
November 10, 2012


Columns: [We assign value -999 for non-detections and assume AB system]
------------------------------------------------------------------------
(1)   Sloan Digital Sky Survey ID 
(2-3) GALEX photometry*: near-UV, far-UV
(4-5) GALEX photometry uncertainties: near-UV, far-UV
(6)** Age of the recent starburst (Gyrs) in logarithmic


Notes:
------
* : The GALEX near-UV filter is centred at about 230nm and
    the far-UV filter is centred at about 154nm (Morrissey et al., 2007)
**: We estimate the starburst age using results from Kaviraj (2010) 
    [see section 4.2.1 and 4.3 for details]


References:
-----------
Morrissey P. et al., 2007, ApJS, 173, 682
Kaviraj S., 2010, MNRAS, 408, 170


-----------------------------------------------------------------------------------------

587722982300516593      20.7350     -999.000     0.372964     -999.000    -0.111822
587722983363117214     -999.000     -999.000     -999.000     -999.000     -999.000
587724649803022358      20.1996      22.3686    0.0881503     0.308589    -0.183240
587725470127620329      20.5783      21.4604     0.114537     0.400750   -0.0897815
587725470135484512      19.3315      21.3833    0.0481240     0.301034    -0.637610
587725471202214157     -999.000     -999.000     -999.000     -999.000     -999.000
587725490524520606      18.6793      20.4423    0.0294633    0.0987182     -1.10913
587725551192113224      18.0774     -999.000    0.0464512     -999.000    -0.480865
587725589847670817      18.4281      19.7168    0.0867049     0.202428    -0.592024
587725589847933130      21.4992     -999.000     0.621691     -999.000   -0.0414039
587725590385328252      19.8824      21.6853     0.110272     0.264424    -0.812790
587725816963989739      19.1291      20.5523    0.0420830     0.119086    -0.900966
587725818036879521      20.9301      22.5416    0.0326578     0.209328    -0.476895
587725818557366382      19.6225      20.8751    0.0734887     0.141030    -0.637268
587725818563461151     -999.000     -999.000     -999.000     -999.000     -999.000
587725981765599347      18.9261      20.2398    0.0371105     0.102036    -0.685963
587725994110353655     -999.000      20.9453     -999.000     0.223664     -999.000
587726033308287201     -999.000     -999.000     -999.000     -999.000     -999.000
587726033853284489      18.6906      20.2458    0.0573049     0.105615    -0.988088
587726102027239592      18.6586      20.4387    0.0375896     0.125401     -1.01551
587727866178371592     -999.000     -999.000     -999.000     -999.000     -999.000
587727866446741877     -999.000     -999.000     -999.000     -999.000     -999.000
587728309104935135      20.9187     -999.000     0.158242     -999.000    -0.168224
587728880332505405      21.0446     -999.000     0.364967     -999.000   -0.0323596
587728880346005507      17.4355      18.8895    0.0176002    0.0438781    -0.745321
587728906102898983     -999.000     -999.000     -999.000     -999.000     -999.000
587729157890899981      20.8658     -999.000     0.216356     -999.000    -0.510360
587729387134976077      19.3497      20.6893     0.127294     0.254981    -0.895459
587729407541313762     -999.000     -999.000     -999.000     -999.000     -999.000
587729408080150639      21.8044     -999.000     0.174445     -999.000   -0.0956208
587729409151336722      19.8409      21.0831     0.184248     0.394715  -0.00188341
587729652348223595     -999.000      20.0060     -999.000    0.0203350     -999.000
587729746837241991      18.2209      19.7479    0.0302980     0.100689    -0.648104
587730023864598659      19.5774      21.4754    0.0546160     0.158168    -0.500799
587731185132241025      21.6485     -999.000     0.602139     -999.000    -0.305718
587731187797393472      18.2638      19.1004    0.0221937    0.0446164     -1.37789
587731187799032243      19.8980      21.1940    0.0555967     0.112973     -1.13932
587731187814695060      20.6101      21.2685     0.255951     0.449299     -1.32268
587731499726536867      21.6029      22.0588     0.333220     0.390107    -0.373554
587731511542415491      18.1188      19.2434    0.0560699     0.131070     -1.01648
587731512076533903      18.9893      19.7781    0.0331603    0.0412937     -1.03000
587731512081580233      18.4860      19.2701    0.0315097    0.0598120     -1.00635
587731512614256793     -999.000     -999.000     -999.000     -999.000     -999.000
587731513142083717      20.2867      21.9998    0.0581088     0.130245    -0.233009
587731513157615663      19.2903      20.7245    0.0622299     0.220638    -0.246433
587731514222182575      20.1954     -999.000     0.237427     -999.000    -0.104410
587731520671187118      20.1039      22.2324    0.0532355     0.181021    -0.386500
587731521210155157      19.4064      20.9526     0.147316     0.399891    -0.326670
587731679581896897      20.9215      21.1657     0.320880     0.334036    -0.594205
587731870172577911     -999.000     -999.000     -999.000     -999.000     -999.000
587731873927266478     -999.000     -999.000     -999.000     -999.000     -999.000
587731891112444025      20.5603     -999.000    0.0714385     -999.000    -0.482638
587731891116638314     -999.000     -999.000     -999.000     -999.000     -999.000
587732054309797930      18.6644      19.9150    0.0318418    0.0625819    -0.417165
587732054317531222      16.7115      17.5996    0.0303843    0.0623743    -0.867201
587732054852567232     -999.000     -999.000     -999.000     -999.000     -999.000
587732135388905532      19.8892      21.3793     0.125496     0.414898    -0.183141
587732136456487055     -999.000     -999.000     -999.000     -999.000     -999.000
587732136457666567      17.5261     -999.000    0.0494506     -999.000     -1.01238
587732152567398420      20.0786     -999.000     0.194892     -999.000    -0.338825
587732157926277470      18.8500      19.6867    0.0383075    0.0850201    -0.748244
587732469851881662     -999.000     -999.000     -999.000     -999.000     -999.000
587732471456727495      20.1860     -999.000     0.103701     -999.000    -0.638967
587732482753560685      20.8302     -999.000     0.110669     -999.000    -0.379580
587732483266380111     -999.000     -999.000     -999.000     -999.000     -999.000
587732483283288163      21.2138      22.9744     0.130873     0.377160    -0.515802
587732483826909328      21.3424      22.9427    0.0954474     0.360096   -0.0641770
587732484358668375      20.5189     -999.000     0.183621     -999.000   -0.0483899
587732484373020805      19.9587     -999.000     0.127179     -999.000    -0.518020
587732577231306897      20.3776     -999.000     0.199711     -999.000     -1.07205
587732578849980539     -999.000     -999.000     -999.000     -999.000     -999.000
587732579381411936      21.3964     -999.000     0.367201     -999.000     -1.00169
587732590105002175      18.3959      20.2278    0.0877556     0.249638     -1.13955
587732703405080593      19.7220     -999.000     0.150726     -999.000    -0.775837
587732772122853490      19.5605      20.6500    0.0405723    0.0718063    -0.698388
587733079739858984      19.5600      20.6796     0.141341     0.277434    -0.382841
587733080805802149      19.5377     -999.000     0.156899     -999.000    -0.334123
587733081891930233      20.4409      21.0215     0.165071     0.348968    -0.650357
587733195696046178     -999.000     -999.000     -999.000     -999.000     -999.000
587733196235014168     -999.000     -999.000     -999.000     -999.000     -999.000
587733398640525514      21.5413      21.8834     0.362624     0.468792    -0.337846
587733399190634661      17.9565     -999.000    0.0875881     -999.000    -0.230275
587733412056858839     -999.000     -999.000     -999.000     -999.000     -999.000
587733412068655294      19.2471      21.3383    0.0927502     0.408312    -0.662079
587733432461689042     -999.000     -999.000     -999.000     -999.000     -999.000
587733433533923498      18.9221      20.6389     0.141996     0.392241    -0.469590
587733441052082318      20.7004      21.9657     0.254069     0.466279    -0.541221
587733442120843368      20.0315     -999.000     0.215239     -999.000   -0.0321759
587733442121826521     -999.000     -999.000     -999.000     -999.000     -999.000
587733603733930132      21.7633     -999.000     0.527110     -999.000     0.147643
587733605328027678      20.2852     -999.000     0.211340     -999.000     -1.00250
587733605339627709      21.5105     -999.000     0.300834     -999.000    -0.296190
587734303808290913      21.6324     -999.000     0.208892     -999.000    -0.370083
587734304879870188     -999.000     -999.000     -999.000     -999.000     -999.000
587734622162059376     -999.000     -999.000     -999.000     -999.000     -999.000
587734691425616099      21.1287     -999.000     0.145960     -999.000    -0.397002
587734862685208731     -999.000     -999.000     -999.000     -999.000     -999.000
587734892748144649      16.5421      17.5432    0.0288920    0.0235424    -0.915311
587734892753190983     -999.000     -999.000     -999.000     -999.000     -999.000
587734893826605138      21.5603     -999.000     0.406869     -999.000    -0.177353
587734948056727714     -999.000     -999.000     -999.000     -999.000     -999.000
587735043610837189     -999.000     -999.000     -999.000     -999.000     -999.000
587735044146987246     -999.000     -999.000     -999.000     -999.000     -999.000
587735344266084504     -999.000     -999.000     -999.000     -999.000     -999.000
587735344799350868     -999.000     -999.000     -999.000     -999.000     -999.000
587735349109391532     -999.000     -999.000     -999.000     -999.000     -999.000
587735429084020815      21.1099      22.7774     0.125774     0.404142    -0.266559
587735660476235779      18.9801      19.8085    0.0988969     0.193514    -0.843105
587735664771399827      21.2854     -999.000     0.342526     -999.000     0.157723
587735665855824011      18.5425      20.1698    0.0832793     0.251184    -0.889387
587735666377687209      20.2538      21.2055     0.193648     0.392515    -0.749891
587735695374876879     -999.000     -999.000     -999.000     -999.000     -999.000
587735697524260946     -999.000     -999.000     -999.000     -999.000     -999.000
587735697524719680     -999.000     -999.000     -999.000     -999.000     -999.000
587735744223379693     -999.000     -999.000     -999.000     -999.000     -999.000
587735744231506466      21.2986      22.8741    0.0856044     0.408794    -0.691445
587736477591601352      19.8043     -999.000     0.228498     -999.000    -0.433080
587736478124408901      19.1767     -999.000     0.109726     -999.000    -0.551194
587736478662066339      19.9909     -999.000     0.150598     -999.000    -0.256136
587736541489463712      20.8933     -999.000     0.423860     -999.000    -0.536187
587736542015914147     -999.000     -999.000     -999.000     -999.000     -999.000
587736542023778459      19.5024      20.8535    0.0474547     0.103959    -0.611153
587736543090114634      19.1947      21.3500     0.158592     0.413652    -0.199800
587736546313109926      20.8084      23.3374    0.0947896     0.455164    -0.538889
587736583892238376     -999.000     -999.000     -999.000     -999.000     -999.000
587736584438481072     -999.000     -999.000     -999.000     -999.000     -999.000
587736584963817682      21.2475     -999.000     0.292579     -999.000    -0.430843
587736585498132495      21.4491      23.2005     0.112166     0.347068    -0.542017
587736585500688471      20.8663      21.6025     0.246252     0.409805    -0.167020
587736586050470087      19.5270     -999.000     0.107252     -999.000    -0.750191
587736619324604722      20.2473      21.5272    0.0282882    0.0787969    -0.978387
587736619326963977      21.5078     -999.000     0.454827     -999.000    -0.353306
587736619327815996     -999.000     -999.000     -999.000     -999.000     -999.000
587736619328537121      20.8078      21.6365     0.267258     0.400362  0.000464344
587736753012998491      19.6894     -999.000     0.195747     -999.000    -0.309673
587736812601933902     -999.000     -999.000     -999.000     -999.000     -999.000
587736899572138154      21.0817     -999.000     0.357621     -999.000    -0.339163
587736914601312325      19.7501      21.7737     0.142969     0.475169    -0.295637
587736916217888929      19.4354     -999.000     0.252087     -999.000    -0.276398
587736917286584366      18.1444      20.6906    0.0620270     0.341780    -0.357642
587736919434002675      19.8640     -999.000     0.155406     -999.000    -0.234182
587736920507089089      17.7255      18.3519   0.00951593    0.0302549     -1.12902
587736920507154724      20.0225      20.9505    0.0652097     0.204462    -0.637875
587736941987364966     -999.000     -999.000     -999.000     -999.000     -999.000
587736942529806580     -999.000     -999.000     -999.000     -999.000     -999.000
587736975276966061      20.0877      21.2878     0.205053     0.444843    -0.364910
587736976883974275     -999.000     -999.000     -999.000     -999.000     -999.000
587737826747285688     -999.000     -999.000     -999.000     -999.000     -999.000
587737826756198431     -999.000     -999.000     -999.000     -999.000     -999.000
587738066192564236     -999.000     -999.000     -999.000     -999.000     -999.000
587738066730680717      21.5117     -999.000     0.381896     -999.000    -0.261109
587738195579633799      17.1590      18.6056    0.0467736     0.114996    -0.764524
587738196656586970      20.0728     -999.000     0.248945     -999.000    -0.418757
587738371669623034     -999.000     -999.000     -999.000     -999.000     -999.000
587738410859495478      19.5990     -999.000     0.169192     -999.000    -0.217290
587738569776431242     -999.000      20.1586     -999.000     0.301109     -999.000
587738570323918904      18.1750      20.2693    0.0495628     0.283942    -0.886994
587738570851614723      19.0799      19.8874    0.0307401    0.0524410    -0.401170
587738572994707485     -999.000     -999.000     -999.000     -999.000     -999.000
587738573531512911     -999.000     -999.000     -999.000     -999.000     -999.000
587738573534986255      19.4884     -999.000     0.168666     -999.000   -0.0479568
587738946673967288      20.3223     -999.000     0.141762     -999.000    -0.635845
587738947220013186      21.9083     -999.000     0.392183     -999.000     0.153429
587738950420267121      19.6904      21.8455     0.178987     0.499173    -0.331724
587738950958645294      20.3451     -999.000     0.250263     -999.000  -0.00966368
587739097524142090      20.0887     -999.000     0.203252     -999.000    -0.201074
587739114706829525      21.5680     -999.000     0.415369     -999.000    0.0847049
587739115237277863      18.2283      19.8133    0.0869726     0.190219    -0.682652
587739131880276122     -999.000      21.1883     -999.000     0.494704     -999.000
587739166775574837      19.8707     -999.000     0.171298     -999.000    -0.506827
587739303143342253     -999.000     -999.000     -999.000     -999.000     -999.000
587739305297510430      18.5593      19.5537    0.0715066     0.222289    -0.409680
587739377768988784      17.6733      18.7405    0.0203104    0.0637810    -0.764801
587739380452163639      19.9065      20.9705     0.200427     0.372967     -1.07456
587739380455374970      21.6130     -999.000     0.398410     -999.000     0.164820
587739380989231262     -999.000     -999.000     -999.000     -999.000     -999.000
587739382070706185     -999.000     -999.000     -999.000     -999.000     -999.000
587739386353746046     -999.000     -999.000     -999.000     -999.000     -999.000
587739406774304786      19.6544      20.4246    0.0781387     0.125981    -0.433234
587739406804058294      17.9360     -999.000    0.0483021     -999.000    -0.905535
587739407324020780      19.9660      20.7920     0.131100     0.261466    -0.720662
587739407335096577      19.7851     -999.000     0.172624     -999.000    -0.613410
587739408406937738      18.5850     -999.000    0.0713083     -999.000    -0.413749
587739505549246491      20.6081      21.9165    0.0661204     0.152406    -0.264054
587739506616107041      18.4575      20.1014    0.0643675     0.272202    -0.401795
587739609175490637      19.2389      19.9022     0.103147     0.192568    -0.456850
587739609710002273      20.0106      21.2119     0.118386     0.380743    -0.405673
587739610239729753      20.0137      21.2234     0.182177     0.521049     0.197102
587739706872627330     -999.000     -999.000     -999.000     -999.000     -999.000
587739707409432777     -999.000     -999.000     -999.000     -999.000     -999.000
587739707410415654      18.3756      19.3955    0.0855294     0.204572    -0.424169
587739707420639470      20.1323     -999.000     0.237182     -999.000     -1.23142
587739707944206424      21.8436     -999.000     0.569755     -999.000    -0.157580
587739707944403066      20.2529      20.7101     0.268607     0.433034    -0.494188
587739708481405113     -999.000     -999.000     -999.000     -999.000     -999.000
587739719768473760     -999.000     -999.000     -999.000     -999.000     -999.000
587739720299643040      19.2031      21.0433     0.167724     0.456443    -0.553076
587739720846934175     -999.000     -999.000     -999.000     -999.000     -999.000
587739721371877494      19.6572     -999.000     0.152624     -999.000     -1.01027
587739721383149823      19.9912     -999.000     0.145325     -999.000    -0.518244
587739811030827247     -999.000     -999.000     -999.000     -999.000     -999.000
587739811032006825      19.8711     -999.000     0.154331     -999.000    -0.813590
587739811567829266      20.4119     -999.000     0.217413     -999.000    -0.121349
587739814244712759      19.4466      21.0947     0.112793     0.405941    -0.262671
587739827667402818      19.1682     -999.000     0.155645     -999.000    -0.373859
587739827669303467     -999.000     -999.000     -999.000     -999.000     -999.000
587739827677364302      20.1408     -999.000     0.231157     -999.000    -0.433675
587739828201980089      21.2274      21.3740     0.245734     0.419086    -0.134750
587739845383356595      18.5102      19.9659    0.0552539     0.271590    -0.664032
587741391571255356      19.7234      21.6853    0.0927972     0.446246    -0.101169
587741420558418177      19.4889      20.5818    0.0684961     0.130413    -0.345915
587741421105643621      18.5404      20.2669    0.0565536     0.245929     -1.06618
587741421642711072      19.1816      21.4753    0.0763640     0.524860    -0.383927
587741488756031495      19.2265      20.7728    0.0904302     0.198656    -0.257830
587741491448709245      20.3545      21.5425     0.221908     0.448312    -0.600341
587741531705507978      20.1800     -999.000     0.203895     -999.000    -0.992087
587741531705507995      20.7953     -999.000     0.210004     -999.000   -0.0912097
587741531710619720     -999.000     -999.000     -999.000     -999.000     -999.000
587741532228485222     -999.000     -999.000     -999.000     -999.000     -999.000
587741532770664487      19.9996      20.7734    0.0624342     0.128605    -0.520533
587741532787769378      18.7086      20.0005     0.111880     0.220458    -0.509158
587741532792815720      20.3226     -999.000    0.0800390     -999.000    -0.862479
587741533303865555     -999.000     -999.000     -999.000     -999.000     -999.000
587741533304586539      21.0563     -999.000     0.198919     -999.000    -0.251587
587741533850697935      20.7543     -999.000     0.464792     -999.000    -0.142259
587741533861118022     -999.000     -999.000     -999.000     -999.000     -999.000
587741534393991254      19.5350      20.1891     0.115533     0.190946     -1.21040
587741600416989282      19.0898     -999.000     0.166241     -999.000    -0.606797
587741600959234147     -999.000     -999.000     -999.000     -999.000     -999.000
587741602035466279      18.7828      20.1659    0.0295765    0.0902446    -0.175475
587741602037104644      21.2865     -999.000     0.241807     -999.000    -0.465471
587741602562310202      19.0786      20.5836     0.104953     0.235489    -0.389761
587741708345081885     -999.000     -999.000     -999.000     -999.000     -999.000
587741721748570250      22.5136     -999.000     0.556667     -999.000     0.189210
587741721749880930      19.3341      19.8703    0.0365578    0.0890369    -0.913287
587741721753354398      20.5562     -999.000     0.208429     -999.000  0.000971890
587741724963569727      21.7371     -999.000     0.373889     -999.000    -0.643271
587741724969271394     -999.000     -999.000     -999.000     -999.000     -999.000
587741816781144072      20.8953     -999.000     0.293942     -999.000    -0.309752
587741816788025484      21.1877     -999.000     0.437451     -999.000     0.172471
587741817321881703      20.3732     -999.000     0.235920     -999.000    -0.333486
587741817858621525      21.4816      22.4040     0.304066     0.516982   -0.0556872
587741821063266417     -999.000     -999.000     -999.000     -999.000     -999.000
587741829117247630      21.2822      22.5968     0.153243     0.299976    -0.358005
587741829122555949      19.1421      20.1910     0.122132     0.222353    -0.237996
587742012751610014      22.0002     -999.000     0.582896     -999.000   -0.0271165
587742012758491223     -999.000     -999.000     -999.000     -999.000     -999.000
587742013268033604     -999.000     -999.000     -999.000     -999.000     -999.000
587742013279568111      20.6804     -999.000     0.260305     -999.000    -0.193134
587742015428689994      19.2871     -999.000    0.0538178     -999.000    -0.643846
587742060521390258      20.9961     -999.000     0.493139     -999.000    -0.459923
587742060535676938      18.3110      21.7383     0.132373     0.475603    -0.849868
587742060544720980      19.9600      21.0186    0.0975968     0.372525    -0.190691
587742061048234000     -999.000     -999.000     -999.000     -999.000     -999.000
587742062134952062     -999.000     -999.000     -999.000     -999.000     -999.000
587742062693122211     -999.000     -999.000     -999.000     -999.000     -999.000
587742188833013886      20.9416     -999.000     0.253962     -999.000    -0.701252
587742549600174229     -999.000     -999.000     -999.000     -999.000     -999.000
587742550139928689      22.1919     -999.000     0.362466     -999.000     0.576952
587742551224221907     -999.000     -999.000     -999.000     -999.000     -999.000
587742551748771887      19.0600     -999.000    0.0851596     -999.000    -0.844270
587742573760741446      18.8415      19.7299    0.0643432     0.178154    -0.783417
587742576992976910      19.3887      20.2423    0.0947100     0.271997    -0.593972
587742577522966632      21.2050     -999.000     0.384741     -999.000    -0.121115
587742589333274727      19.5144      21.7140     0.101937     0.424785    -0.598057
587742615639294556      20.8259     -999.000     0.291614     -999.000    -0.362643
587742616169021634      21.5562     -999.000     0.484978     -999.000    0.0752646
587742629057331221      18.8090      20.1371    0.0683053     0.203131    -0.300823
587742629070831737      18.6605      20.9243    0.0897404     0.313562    -0.203160
587742775093493871      17.0251     -999.000    0.0235117     -999.000    -0.954018
587742775625908313      20.9647     -999.000     0.396449     -999.000    -0.191672
587742863139209346      18.7443      19.7267    0.0320768    0.0518793     -1.03818
587742863676473405      17.7077      19.1791    0.0505589     0.146252    -0.656984
587742888898920605      21.2226     -999.000     0.123271     -999.000    -0.448250
587742902329147460      20.7658      21.7987     0.421351     0.534129   -0.0426982
587742902332555349      17.8838      19.6537    0.0471461     0.218096    -0.758339
587742903398826008      21.7471      21.9493     0.537001     0.456204   -0.0887183
587744874787766342     -999.000     -999.000     -999.000     -999.000     -999.000
587745243615002664      17.7950      20.7869    0.0469369     0.214070    -0.292356
587745243629617215      18.1916      19.1834    0.0542529     0.118088    -0.648152
587745244158361836      19.7732      20.3408     0.201222     0.291956    -0.738140
587745244164522086     -999.000     -999.000     -999.000     -999.000     -999.000
587745404149694601      19.5920     -999.000     0.169335     -999.000    -0.563431
587745539984195770      19.8132      21.7621     0.104547     0.397885    -0.754714
587745541054595115      18.6086     -999.000     0.125745     -999.000    -0.342571
587746214281609223      19.8615      21.1280     0.150199     0.321647    -0.246248
587748928160792742     -999.000     -999.000     -999.000     -999.000     -999.000
588007004700606650      19.3795      20.3458    0.0247998    0.0913053    -0.796047
588007004701130824      19.6541      20.6458    0.0363685    0.0693179    -0.630810
588007004734619865      21.3479      21.9850     0.145275     0.274757    -0.126144
588009368015863876      19.8445     -999.000     0.183298     -999.000   -0.0643865
588009368547360903     -999.000     -999.000     -999.000     -999.000     -999.000
588009371221491800     -999.000     -999.000     -999.000     -999.000     -999.000
588010134658547798      21.2940     -999.000     0.316570     -999.000     0.162810
588010135191093287     -999.000     -999.000     -999.000     -999.000     -999.000
588010135729995868      20.4828     -999.000     0.236267     -999.000    -0.177068
588010136805113884      20.3913      21.2954     0.158127     0.352637    -0.328187
588010358540140681      19.5301     -999.000     0.181951     -999.000    -0.158520
588010359080157329      19.1247      20.2176    0.0404097    0.0925675     -1.03062
588010359607656603      19.1220      19.8569    0.0455061    0.0795196     -1.53754
588010878759272530     -999.000     -999.000     -999.000     -999.000     -999.000
588011124116160521     -999.000     -999.000     -999.000     -999.000     -999.000
588013382197903486      19.3667     -999.000     0.124055     -999.000   -0.0791270
588013383264632938     -999.000      20.2237     -999.000     0.247209     -999.000
588013383799013655     -999.000     -999.000     -999.000     -999.000     -999.000
588013384350826583      18.9971      20.1567    0.0970432     0.231796    -0.506476
588015507678822531      17.9748      18.7229    0.0457003    0.0853010    -0.548810
588015507678887987      17.9387      19.7391    0.0725377     0.162214    -0.702134
588015507682295979      19.7110     -999.000     0.163160     -999.000    -0.311199
588015508209270944      21.6340     -999.000     0.287877     -999.000    0.0745357
588015508209991726      18.7580      21.4088    0.0694027     0.308002    -0.175283
588015509828075667     -999.000     -999.000     -999.000     -999.000     -999.000
588015510361210935      18.5752      20.0478    0.0308054    0.0642688    -0.480783
588015510361604141      19.1609      20.5120     0.163048     0.318625   -0.0923301
588016891714338827      17.8768     -999.000    0.0501378     -999.000    -0.954211
588016892780281995      19.8169      20.9423    0.0547110     0.140674    -0.867595
588017111828856875      19.3667      21.2171     0.105690     0.330377    -0.547884
588017569239072924      19.9321     -999.000     0.124380     -999.000    -0.313710
588017604673339631      21.6027     -999.000     0.388053     -999.000   -0.0622533
588017605770805314      19.3419      20.3857    0.0701216     0.242129    -0.367910
588017626682032323      19.6991     -999.000     0.130599     -999.000     -1.03069
588017627233059001     -999.000     -999.000     -999.000     -999.000     -999.000
588017702931333211      20.8156     -999.000     0.482574     -999.000    -0.183567
588017702939983888      18.9273      20.0690    0.0917487     0.228904    -0.828579
588017702942277796     -999.000     -999.000     -999.000     -999.000     -999.000
588017724398436382     -999.000     -999.000     -999.000     -999.000     -999.000
588017724934979811      19.8812      21.2239     0.165288     0.297872    -0.702238
588017724937142319      16.7662      17.4346   0.00547064    0.0149740     -1.24205
588017725482074171      18.1159      19.7894    0.0689352     0.264476    -0.368950
588017726004396045      18.2504      19.4889    0.0308606    0.0731868    -0.628695
588017726007214085     -999.000     -999.000     -999.000     -999.000     -999.000
588017726017306793     -999.000      21.9288     -999.000     0.511550     -999.000
588017948276555882      21.0639      21.7201     0.216378     0.388710    -0.658918
588017949350101097      17.4088      18.7272    0.0394438     0.114886    -0.959494
588017977822674951     -999.000     -999.000     -999.000     -999.000     -999.000
588017978876100715     -999.000      19.8297     -999.000     0.166392     -999.000
588017979413299278      19.0015      21.2033    0.0742944     0.244827    -0.251749
588017979438596301     -999.000     -999.000     -999.000     -999.000     -999.000
588017979453931801      20.1904     -999.000     0.213494     -999.000    -0.519499
588017990688833592      20.1197     -999.000     0.178233     -999.000    -0.817055
588017990693421170      20.6488      21.8600     0.245804     0.529634    -0.804635
588017991236255975      19.8741      21.6163    0.0834896     0.209544    -0.906814
588018055111377072      19.7248     -999.000     0.137308     -999.000    -0.739306
588018056734572605      19.4749      19.9426     0.133661     0.241531   -0.0271548
588018089471115524      17.5546     -999.000    0.0451831     -999.000    -0.826201
588018091086839912      18.8770      20.3005    0.0999299     0.403144    -0.662833
588018253767377118      20.8063     -999.000     0.368583     -999.000    -0.139064
588018254296318126      20.3711     -999.000     0.210906     -999.000    -0.591129
588018254297038899      19.5338      20.1620    0.0384898     0.243119    -0.466293
588023046403194942      18.1717      19.3717    0.0408213     0.157771    -0.790204
588023046943473782      18.9064      20.4937    0.0358422    0.0987746     -1.22171
588023668098138250      20.5787      22.2309     0.100447     0.289792    -0.301003
588023668630618202     -999.000     -999.000     -999.000     -999.000     -999.000
588023668636516545      20.8982      21.7665     0.352447     0.490690    -0.575348
588023669172666559      20.4412     -999.000     0.260220     -999.000    -0.826001
588023669707374712      19.9637      21.8594     0.188100     0.562463    -0.164318
588023669707440191      18.3124      19.0907    0.0770604     0.155656    -0.674949
588023669709275276      21.1755     -999.000     0.482777     -999.000    -0.787637
588023669709471947     -999.000     -999.000     -999.000     -999.000     -999.000
588848899368353849     -999.000     -999.000     -999.000     -999.000     -999.000
588848899376939030      18.7952      20.1008     0.109919     0.242934    -0.991749
588848900972544080      18.1792      20.3061    0.0249078     0.112855    -0.368688
