-----------------------------------------------------------------------------------------
Dust Lane Spheroidal Galaxies- Infrared Astronomical Satellite (IRAS)
--------------------------------------------------------------------- 

Yuan-Sen Ting (yuan-sen.ting@cfa.harvard.edu)
November 10, 2012


Columns: [We assign value -999 for non-detections]
---------------------------------------------------
(1)   Sloan Digital Sky Survey ID 
(2-5) IRAS infrared flux density (Jy; 12,25,60,100 microns)  
(6)   Star Formation Rate (Msun/yr) from infrared (see note A)


Notes:
------
(A) We estimated the star formation rate using results from Kennicutt (1998)


References:
-----------
1. Kennicutt R. C. Jr., 1998, ApJ, 498, 541


-----------------------------------------------------------------------------------------

587722982300516593     -999.000     -999.000     -999.000     -999.000     -999.000
587722983363117214     -999.000     -999.000     -999.000     -999.000     -999.000
587724649803022358     -999.000     -999.000     -999.000     -999.000     -999.000
587725470127620329     -999.000     -999.000     -999.000     -999.000     -999.000
587725470135484512     -999.000     -999.000     -999.000     -999.000     -999.000
587725471202214157     -999.000     -999.000     -999.000     -999.000     -999.000
587725490524520606    0.0720000    0.0690000      1.00900      3.25200      12.4971
587725551192113224    0.0300000    0.0900000     0.660000      2.12000      1.05541
587725589847670817     -999.000     -999.000     -999.000     -999.000     -999.000
587725589847933130     -999.000     -999.000     -999.000     -999.000     -999.000
587725590385328252     -999.000     -999.000     -999.000     -999.000     -999.000
587725816963989739     -999.000     -999.000     -999.000     -999.000     -999.000
587725818036879521     -999.000     -999.000     -999.000     -999.000     -999.000
587725818557366382     -999.000     -999.000     -999.000     -999.000     -999.000
587725818563461151     -999.000     -999.000     -999.000     -999.000     -999.000
587725981765599347     0.107000     0.137000     0.648000      1.35400      1.35327
587725994110353655     -999.000     -999.000     -999.000     -999.000     -999.000
587726033308287201     -999.000     -999.000     -999.000     -999.000     -999.000
587726033853284489     -999.000     -999.000     -999.000     -999.000     -999.000
587726102027239592     -999.000     -999.000     -999.000     -999.000     -999.000
587727866178371592     -999.000     -999.000     -999.000     -999.000     -999.000
587727866446741877     -999.000     -999.000     -999.000     -999.000     -999.000
587728309104935135     -999.000     -999.000     -999.000     -999.000     -999.000
587728880332505405    0.0880000     0.116000     0.232000     0.720000      2.35698
587728880346005507     0.143000     0.359000     0.580000      1.91500      4.13537
587728906102898983     -999.000     -999.000     -999.000     -999.000     -999.000
587729157890899981     -999.000     -999.000     -999.000     -999.000     -999.000
587729387134976077     -999.000     -999.000     -999.000     -999.000     -999.000
587729407541313762     -999.000     -999.000     -999.000     -999.000     -999.000
587729408080150639     -999.000     -999.000     -999.000     -999.000     -999.000
587729409151336722     -999.000     -999.000     -999.000     -999.000     -999.000
587729652348223595     -999.000     -999.000     -999.000     -999.000     -999.000
587729746837241991     -999.000     -999.000     -999.000     -999.000     -999.000
587730023864598659     -999.000     -999.000     -999.000     -999.000     -999.000
587731185132241025     -999.000     -999.000     -999.000     -999.000     -999.000
587731187797393472    0.0960000     0.130000      1.21900      2.45900      4.16460
587731187799032243     -999.000     -999.000     -999.000     -999.000     -999.000
587731187814695060     -999.000     -999.000     -999.000     -999.000     -999.000
587731499726536867     -999.000     -999.000     -999.000     -999.000     -999.000
587731511542415491     0.119000     0.147000     0.509000      1.06100      2.86876
587731512076533903     -999.000     -999.000     -999.000     -999.000     -999.000
587731512081580233    0.0890000     0.140000     0.561000      1.39300      5.10761
587731512614256793     -999.000     -999.000     -999.000     -999.000     -999.000
587731513142083717     -999.000     -999.000     -999.000     -999.000     -999.000
587731513157615663     -999.000     -999.000     -999.000     -999.000     -999.000
587731514222182575     -999.000     -999.000     -999.000     -999.000     -999.000
587731520671187118     -999.000     -999.000     -999.000     -999.000     -999.000
587731521210155157     0.116000     0.196000     0.277000     0.852000      2.63106
587731679581896897     -999.000     -999.000     -999.000     -999.000     -999.000
587731870172577911     -999.000     -999.000     -999.000     -999.000     -999.000
587731873927266478     -999.000     -999.000     -999.000     -999.000     -999.000
587731891112444025     -999.000     -999.000     -999.000     -999.000     -999.000
587731891116638314     -999.000     -999.000     -999.000     -999.000     -999.000
587732054309797930     -999.000     -999.000     -999.000     -999.000     -999.000
587732054317531222     0.166000     0.145000      1.37100      3.54400      2.76481
587732054852567232     -999.000     -999.000     -999.000     -999.000     -999.000
587732135388905532     -999.000     -999.000     -999.000     -999.000     -999.000
587732136456487055    0.0770000    0.0910000     0.361000     0.950000      3.10637
587732136457666567    0.0930000     0.107000     0.620000      2.21200      3.01778
587732152567398420     -999.000     -999.000     -999.000     -999.000     -999.000
587732157926277470     -999.000     -999.000     -999.000     -999.000     -999.000
587732469851881662     -999.000     -999.000     -999.000     -999.000     -999.000
587732471456727495     -999.000     -999.000     -999.000     -999.000     -999.000
587732482753560685     -999.000     -999.000     -999.000     -999.000     -999.000
587732483266380111     -999.000     -999.000     -999.000     -999.000     -999.000
587732483283288163     -999.000     -999.000     -999.000     -999.000     -999.000
587732483826909328     -999.000     -999.000     -999.000     -999.000     -999.000
587732484358668375     -999.000     -999.000     -999.000     -999.000     -999.000
587732484373020805     -999.000     -999.000     -999.000     -999.000     -999.000
587732577231306897     -999.000     -999.000     -999.000     -999.000     -999.000
587732578849980539     -999.000     -999.000     -999.000     -999.000     -999.000
587732579381411936     -999.000     -999.000     -999.000     -999.000     -999.000
587732590105002175     -999.000     -999.000     -999.000     -999.000     -999.000
587732703405080593     -999.000     -999.000     -999.000     -999.000     -999.000
587732772122853490     -999.000     -999.000     -999.000     -999.000     -999.000
587733079739858984     -999.000     -999.000     -999.000     -999.000     -999.000
587733080805802149    0.0980000    0.0730000     0.406000      1.29900      11.7732
587733081891930233     -999.000     -999.000     -999.000     -999.000     -999.000
587733195696046178     -999.000     -999.000     -999.000     -999.000     -999.000
587733196235014168     -999.000     -999.000     -999.000     -999.000     -999.000
587733398640525514     -999.000     -999.000     -999.000     -999.000     -999.000
587733399190634661    0.0740000    0.0820000     0.507000      2.84600      4.56321
587733412056858839     -999.000     -999.000     -999.000     -999.000     -999.000
587733412068655294     -999.000     -999.000     -999.000     -999.000     -999.000
587733432461689042     -999.000     -999.000     -999.000     -999.000     -999.000
587733433533923498     -999.000     -999.000     -999.000     -999.000     -999.000
587733441052082318     -999.000     -999.000     -999.000     -999.000     -999.000
587733442120843368     -999.000     -999.000     -999.000     -999.000     -999.000
587733442121826521     -999.000     -999.000     -999.000     -999.000     -999.000
587733603733930132     -999.000     -999.000     -999.000     -999.000     -999.000
587733605328027678     -999.000     -999.000     -999.000     -999.000     -999.000
587733605339627709     -999.000     -999.000     -999.000     -999.000     -999.000
587734303808290913     -999.000     -999.000     -999.000     -999.000     -999.000
587734304879870188     -999.000     -999.000     -999.000     -999.000     -999.000
587734622162059376     -999.000     -999.000     -999.000     -999.000     -999.000
587734691425616099     -999.000     -999.000     -999.000     -999.000     -999.000
587734862685208731     -999.000     -999.000     -999.000     -999.000     -999.000
587734892748144649     0.161000     0.255000      1.75000      3.38600      15.3100
587734892753190983     -999.000     -999.000     -999.000     -999.000     -999.000
587734893826605138     -999.000     -999.000     -999.000     -999.000     -999.000
587734948056727714     -999.000     -999.000     -999.000     -999.000     -999.000
587735043610837189     -999.000     -999.000     -999.000     -999.000     -999.000
587735044146987246     -999.000     -999.000     -999.000     -999.000     -999.000
587735344266084504     -999.000     -999.000     -999.000     -999.000     -999.000
587735344799350868    0.0810000     0.241000     0.219000     0.811000     0.342057
587735349109391532     -999.000     -999.000     -999.000     -999.000     -999.000
587735429084020815     -999.000     -999.000     -999.000     -999.000     -999.000
587735660476235779     -999.000     -999.000     -999.000     -999.000     -999.000
587735664771399827     -999.000     -999.000     -999.000     -999.000     -999.000
587735665855824011    0.0770000     0.104000     0.336000     0.921000      4.07168
587735666377687209     -999.000     -999.000     -999.000     -999.000     -999.000
587735695374876879    0.0950000    0.0590000     0.233000     0.810000      3.89040
587735697524260946     -999.000     -999.000     -999.000     -999.000     -999.000
587735697524719680     -999.000     -999.000     -999.000     -999.000     -999.000
587735744223379693     -999.000     -999.000     -999.000     -999.000     -999.000
587735744231506466     -999.000     -999.000     -999.000     -999.000     -999.000
587736477591601352     -999.000     -999.000     -999.000     -999.000     -999.000
587736478124408901     -999.000     -999.000     -999.000     -999.000     -999.000
587736478662066339     -999.000     -999.000     -999.000     -999.000     -999.000
587736541489463712     -999.000     -999.000     -999.000     -999.000     -999.000
587736542015914147     -999.000     -999.000     -999.000     -999.000     -999.000
587736542023778459     -999.000     -999.000     -999.000     -999.000     -999.000
587736543090114634     -999.000     -999.000     -999.000     -999.000     -999.000
587736546313109926     -999.000     -999.000     -999.000     -999.000     -999.000
587736583892238376     0.101000     0.122000     0.472000      1.81100      1.17771
587736584438481072     -999.000     -999.000     -999.000     -999.000     -999.000
587736584963817682     -999.000     -999.000     -999.000     -999.000     -999.000
587736585498132495     -999.000     -999.000     -999.000     -999.000     -999.000
587736585500688471     -999.000     -999.000     -999.000     -999.000     -999.000
587736586050470087     -999.000     -999.000     -999.000     -999.000     -999.000
587736619324604722     -999.000     -999.000     -999.000     -999.000     -999.000
587736619326963977     -999.000     -999.000     -999.000     -999.000     -999.000
587736619327815996     -999.000     -999.000     -999.000     -999.000     -999.000
587736619328537121     -999.000     -999.000     -999.000     -999.000     -999.000
587736753012998491     -999.000     -999.000     -999.000     -999.000     -999.000
587736812601933902     -999.000     -999.000     -999.000     -999.000     -999.000
587736899572138154     -999.000     -999.000     -999.000     -999.000     -999.000
587736914601312325     -999.000     -999.000     -999.000     -999.000     -999.000
587736916217888929     -999.000     -999.000     -999.000     -999.000     -999.000
587736917286584366     -999.000     -999.000     -999.000     -999.000     -999.000
587736919434002675     -999.000     -999.000     -999.000     -999.000     -999.000
587736920507089089     -999.000     -999.000     -999.000     -999.000     -999.000
587736920507154724     -999.000     -999.000     -999.000     -999.000     -999.000
587736941987364966     -999.000     -999.000     -999.000     -999.000     -999.000
587736942529806580     -999.000     -999.000     -999.000     -999.000     -999.000
587736975276966061     -999.000     -999.000     -999.000     -999.000     -999.000
587736976883974275     -999.000     -999.000     -999.000     -999.000     -999.000
587737826747285688     -999.000     -999.000     -999.000     -999.000     -999.000
587737826756198431     -999.000     -999.000     -999.000     -999.000     -999.000
587738066192564236     -999.000     -999.000     -999.000     -999.000     -999.000
587738066730680717     -999.000     -999.000     -999.000     -999.000     -999.000
587738195579633799     -999.000     -999.000     -999.000     -999.000     -999.000
587738196656586970     -999.000     -999.000     -999.000     -999.000     -999.000
587738371669623034     -999.000     -999.000     -999.000     -999.000     -999.000
587738410859495478     -999.000     -999.000     -999.000     -999.000     -999.000
587738569776431242     -999.000     -999.000     -999.000     -999.000     -999.000
587738570323918904     0.155000    0.0700000     0.384000      1.27900      8.63062
587738570851614723     -999.000     -999.000     -999.000     -999.000     -999.000
587738572994707485     -999.000     -999.000     -999.000     -999.000     -999.000
587738573531512911     -999.000     -999.000     -999.000     -999.000     -999.000
587738573534986255     -999.000     -999.000     -999.000     -999.000     -999.000
587738946673967288     -999.000     -999.000     -999.000     -999.000     -999.000
587738947220013186     -999.000     -999.000     -999.000     -999.000     -999.000
587738950420267121     -999.000     -999.000     -999.000     -999.000     -999.000
587738950958645294     -999.000     -999.000     -999.000     -999.000     -999.000
587739097524142090     -999.000     -999.000     -999.000     -999.000     -999.000
587739114706829525     -999.000     -999.000     -999.000     -999.000     -999.000
587739115237277863     0.199000     0.231000     0.807000      2.08900      3.17837
587739131880276122     0.130000     0.129000     0.792000      2.81700      1.60583
587739166775574837     -999.000     -999.000     -999.000     -999.000     -999.000
587739303143342253     -999.000     -999.000     -999.000     -999.000     -999.000
587739305297510430     -999.000     -999.000     -999.000     -999.000     -999.000
587739377768988784     0.122000     0.285000     0.425000     0.744000     0.966316
587739380452163639    0.0740000    0.0990000     0.447000      1.32500      16.6434
587739380455374970     -999.000     -999.000     -999.000     -999.000     -999.000
587739380989231262     -999.000     -999.000     -999.000     -999.000     -999.000
587739382070706185     -999.000     -999.000     -999.000     -999.000     -999.000
587739386353746046     -999.000     -999.000     -999.000     -999.000     -999.000
587739406774304786     -999.000     -999.000     -999.000     -999.000     -999.000
587739406804058294     -999.000     -999.000     -999.000     -999.000     -999.000
587739407324020780     -999.000     -999.000     -999.000     -999.000     -999.000
587739407335096577     -999.000     -999.000     -999.000     -999.000     -999.000
587739408406937738     -999.000     -999.000     -999.000     -999.000     -999.000
587739505549246491     -999.000     -999.000     -999.000     -999.000     -999.000
587739506616107041     -999.000     -999.000     -999.000     -999.000     -999.000
587739609175490637     -999.000     -999.000     -999.000     -999.000     -999.000
587739609710002273     -999.000     -999.000     -999.000     -999.000     -999.000
587739610239729753     -999.000     -999.000     -999.000     -999.000     -999.000
587739706872627330     -999.000     -999.000     -999.000     -999.000     -999.000
587739707409432777     -999.000     -999.000     -999.000     -999.000     -999.000
587739707410415654     0.113000     0.212000     0.445000     0.992000     0.862117
587739707420639470     -999.000     -999.000     -999.000     -999.000     -999.000
587739707944206424     -999.000     -999.000     -999.000     -999.000     -999.000
587739707944403066     -999.000     -999.000     -999.000     -999.000     -999.000
587739708481405113     -999.000     -999.000     -999.000     -999.000     -999.000
587739719768473760     -999.000     -999.000     -999.000     -999.000     -999.000
587739720299643040     0.122000     0.132000     0.768000      1.42800      1.33667
587739720846934175     -999.000     -999.000     -999.000     -999.000     -999.000
587739721371877494     -999.000     -999.000     -999.000     -999.000     -999.000
587739721383149823     -999.000     -999.000     -999.000     -999.000     -999.000
587739811030827247     -999.000     -999.000     -999.000     -999.000     -999.000
587739811032006825    0.0890000    0.0890000     0.299000      1.32900      6.63708
587739811567829266     -999.000     -999.000     -999.000     -999.000     -999.000
587739814244712759     -999.000     -999.000     -999.000     -999.000     -999.000
587739827667402818     -999.000     -999.000     -999.000     -999.000     -999.000
587739827669303467     -999.000     -999.000     -999.000     -999.000     -999.000
587739827677364302     -999.000     -999.000     -999.000     -999.000     -999.000
587739828201980089     -999.000     -999.000     -999.000     -999.000     -999.000
587739845383356595     -999.000     -999.000     -999.000     -999.000     -999.000
587741391571255356     -999.000     -999.000     -999.000     -999.000     -999.000
587741420558418177     -999.000     -999.000     -999.000     -999.000     -999.000
587741421105643621     -999.000     -999.000     -999.000     -999.000     -999.000
587741421642711072     -999.000     -999.000     -999.000     -999.000     -999.000
587741488756031495     -999.000     -999.000     -999.000     -999.000     -999.000
587741491448709245     -999.000     -999.000     -999.000     -999.000     -999.000
587741531705507978     -999.000     -999.000     -999.000     -999.000     -999.000
587741531705507995     -999.000     -999.000     -999.000     -999.000     -999.000
587741531710619720     -999.000     -999.000     -999.000     -999.000     -999.000
587741532228485222     -999.000     -999.000     -999.000     -999.000     -999.000
587741532770664487     -999.000     -999.000     -999.000     -999.000     -999.000
587741532787769378     -999.000     -999.000     -999.000     -999.000     -999.000
587741532792815720     -999.000     -999.000     -999.000     -999.000     -999.000
587741533303865555     -999.000     -999.000     -999.000     -999.000     -999.000
587741533304586539     -999.000     -999.000     -999.000     -999.000     -999.000
587741533850697935     -999.000     -999.000     -999.000     -999.000     -999.000
587741533861118022     -999.000     -999.000     -999.000     -999.000     -999.000
587741534393991254     -999.000     -999.000     -999.000     -999.000     -999.000
587741600416989282     -999.000     -999.000     -999.000     -999.000     -999.000
587741600959234147     -999.000     -999.000     -999.000     -999.000     -999.000
587741602035466279     -999.000     -999.000     -999.000     -999.000     -999.000
587741602037104644     -999.000     -999.000     -999.000     -999.000     -999.000
587741602562310202     -999.000     -999.000     -999.000     -999.000     -999.000
587741708345081885     -999.000     -999.000     -999.000     -999.000     -999.000
587741721748570250     -999.000     -999.000     -999.000     -999.000     -999.000
587741721749880930     -999.000     -999.000     -999.000     -999.000     -999.000
587741721753354398     -999.000     -999.000     -999.000     -999.000     -999.000
587741724963569727     -999.000     -999.000     -999.000     -999.000     -999.000
587741724969271394     -999.000     -999.000     -999.000     -999.000     -999.000
587741816781144072     -999.000     -999.000     -999.000     -999.000     -999.000
587741816788025484     -999.000     -999.000     -999.000     -999.000     -999.000
587741817321881703     -999.000     -999.000     -999.000     -999.000     -999.000
587741817858621525     -999.000     -999.000     -999.000     -999.000     -999.000
587741821063266417     -999.000     -999.000     -999.000     -999.000     -999.000
587741829117247630     -999.000     -999.000     -999.000     -999.000     -999.000
587741829122555949     -999.000     -999.000     -999.000     -999.000     -999.000
587742012751610014     -999.000     -999.000     -999.000     -999.000     -999.000
587742012758491223     -999.000     -999.000     -999.000     -999.000     -999.000
587742013268033604     -999.000     -999.000     -999.000     -999.000     -999.000
587742013279568111     -999.000     -999.000     -999.000     -999.000     -999.000
587742015428689994     -999.000     -999.000     -999.000     -999.000     -999.000
587742060521390258     -999.000     -999.000     -999.000     -999.000     -999.000
587742060535676938     -999.000     -999.000     -999.000     -999.000     -999.000
587742060544720980     -999.000     -999.000     -999.000     -999.000     -999.000
587742061048234000     -999.000     -999.000     -999.000     -999.000     -999.000
587742062134952062     -999.000     -999.000     -999.000     -999.000     -999.000
587742062693122211     -999.000     -999.000     -999.000     -999.000     -999.000
587742188833013886     -999.000     -999.000     -999.000     -999.000     -999.000
587742549600174229     -999.000     -999.000     -999.000     -999.000     -999.000
587742550139928689     -999.000     -999.000     -999.000     -999.000     -999.000
587742551224221907     -999.000     -999.000     -999.000     -999.000     -999.000
587742551748771887     -999.000     -999.000     -999.000     -999.000     -999.000
587742573760741446     -999.000     -999.000     -999.000     -999.000     -999.000
587742576992976910     -999.000     -999.000     -999.000     -999.000     -999.000
587742577522966632     -999.000     -999.000     -999.000     -999.000     -999.000
587742589333274727     -999.000     -999.000     -999.000     -999.000     -999.000
587742615639294556     -999.000     -999.000     -999.000     -999.000     -999.000
587742616169021634     -999.000     -999.000     -999.000     -999.000     -999.000
587742629057331221     -999.000     -999.000     -999.000     -999.000     -999.000
587742629070831737     -999.000     -999.000     -999.000     -999.000     -999.000
587742775093493871     -999.000     -999.000     -999.000     -999.000     -999.000
587742775625908313     -999.000     -999.000     -999.000     -999.000     -999.000
587742863139209346     -999.000     -999.000     -999.000     -999.000     -999.000
587742863676473405     -999.000     -999.000     -999.000     -999.000     -999.000
587742888898920605     -999.000     -999.000     -999.000     -999.000     -999.000
587742902329147460     -999.000     -999.000     -999.000     -999.000     -999.000
587742902332555349     -999.000     -999.000     -999.000     -999.000     -999.000
587742903398826008     -999.000     -999.000     -999.000     -999.000     -999.000
587744874787766342     -999.000     -999.000     -999.000     -999.000     -999.000
587745243615002664     -999.000     -999.000     -999.000     -999.000     -999.000
587745243629617215     -999.000     -999.000     -999.000     -999.000     -999.000
587745244158361836     -999.000     -999.000     -999.000     -999.000     -999.000
587745244164522086     -999.000     -999.000     -999.000     -999.000     -999.000
587745404149694601     -999.000     -999.000     -999.000     -999.000     -999.000
587745539984195770     -999.000     -999.000     -999.000     -999.000     -999.000
587745541054595115     -999.000     -999.000     -999.000     -999.000     -999.000
587746214281609223     -999.000     -999.000     -999.000     -999.000     -999.000
587748928160792742     -999.000     -999.000     -999.000     -999.000     -999.000
588007004700606650    0.0650000     0.127000     0.271000     0.638000      2.81246
588007004701130824     -999.000     -999.000     -999.000     -999.000     -999.000
588007004734619865     -999.000     -999.000     -999.000     -999.000     -999.000
588009368015863876    0.0710000    0.0860000     0.236000     0.851000      3.11861
588009368547360903     -999.000     -999.000     -999.000     -999.000     -999.000
588009371221491800     -999.000     -999.000     -999.000     -999.000     -999.000
588010134658547798     -999.000     -999.000     -999.000     -999.000     -999.000
588010135191093287     -999.000     -999.000     -999.000     -999.000     -999.000
588010135729995868     -999.000     -999.000     -999.000     -999.000     -999.000
588010136805113884     -999.000     -999.000     -999.000     -999.000     -999.000
588010358540140681     -999.000     -999.000     -999.000     -999.000     -999.000
588010359080157329     0.106000     0.180000     0.806000      1.13800      6.08002
588010359607656603     0.106000     0.265000      1.38200      3.82500      8.70420
588010878759272530     -999.000     -999.000     -999.000     -999.000     -999.000
588011124116160521     -999.000     -999.000     -999.000     -999.000     -999.000
588013382197903486     -999.000     -999.000     -999.000     -999.000     -999.000
588013383264632938    0.0910000     0.117000     0.451000      1.58700      5.48909
588013383799013655     -999.000     -999.000     -999.000     -999.000     -999.000
588013384350826583     -999.000     -999.000     -999.000     -999.000     -999.000
588015507678822531     -999.000     -999.000     -999.000     -999.000     -999.000
588015507678887987     0.266000     0.512000     0.770000     0.928000      1.19355
588015507682295979     -999.000     -999.000     -999.000     -999.000     -999.000
588015508209270944     -999.000     -999.000     -999.000     -999.000     -999.000
588015508209991726     -999.000     -999.000     -999.000     -999.000     -999.000
588015509828075667     -999.000     -999.000     -999.000     -999.000     -999.000
588015510361210935     -999.000     -999.000     -999.000     -999.000     -999.000
588015510361604141     -999.000     -999.000     -999.000     -999.000     -999.000
588016891714338827     0.122000    0.0780000     0.271000     0.646000      1.68876
588016892780281995    0.0850000     0.138000      1.15100      2.06400      4.17777
588017111828856875     -999.000     -999.000     -999.000     -999.000     -999.000
588017569239072924     -999.000     -999.000     -999.000     -999.000     -999.000
588017604673339631     -999.000     -999.000     -999.000     -999.000     -999.000
588017605770805314     -999.000     -999.000     -999.000     -999.000     -999.000
588017626682032323    0.0790000    0.0890000     0.181000     0.793000      5.68896
588017627233059001     -999.000     -999.000     -999.000     -999.000     -999.000
588017702931333211     -999.000     -999.000     -999.000     -999.000     -999.000
588017702939983888     0.207000     0.127000     0.503000      1.19900      3.10858
588017702942277796     -999.000     -999.000     -999.000     -999.000     -999.000
588017724398436382     -999.000     -999.000     -999.000     -999.000     -999.000
588017724934979811     -999.000     -999.000     -999.000     -999.000     -999.000
588017724937142319     -999.000     -999.000     -999.000     -999.000     -999.000
588017725482074171     -999.000     -999.000     -999.000     -999.000     -999.000
588017726004396045     -999.000     -999.000     -999.000     -999.000     -999.000
588017726007214085     -999.000     -999.000     -999.000     -999.000     -999.000
588017726017306793     -999.000     -999.000     -999.000     -999.000     -999.000
588017948276555882     -999.000     -999.000     -999.000     -999.000     -999.000
588017949350101097     0.145000     0.216000      2.01800      4.95300      12.9308
588017977822674951     -999.000     -999.000     -999.000     -999.000     -999.000
588017978876100715     -999.000     -999.000     -999.000     -999.000     -999.000
588017979413299278     -999.000     -999.000     -999.000     -999.000     -999.000
588017979438596301     -999.000     -999.000     -999.000     -999.000     -999.000
588017979453931801     -999.000     -999.000     -999.000     -999.000     -999.000
588017990688833592     -999.000     -999.000     -999.000     -999.000     -999.000
588017990693421170     -999.000     -999.000     -999.000     -999.000     -999.000
588017991236255975     -999.000     -999.000     -999.000     -999.000     -999.000
588018055111377072    0.0940000    0.0860000     0.388000      1.14700      3.88113
588018056734572605     -999.000     -999.000     -999.000     -999.000     -999.000
588018089471115524    0.0890000    0.0840000     0.394000      1.53800      2.74026
588018091086839912     -999.000     -999.000     -999.000     -999.000     -999.000
588018253767377118     -999.000     -999.000     -999.000     -999.000     -999.000
588018254296318126     -999.000     -999.000     -999.000     -999.000     -999.000
588018254297038899     -999.000     -999.000     -999.000     -999.000     -999.000
588023046403194942    0.0800000     0.125000     0.276000     0.961000     0.485618
588023046943473782     0.117000     0.232000     0.626000      1.08700      2.17869
588023668098138250     -999.000     -999.000     -999.000     -999.000     -999.000
588023668630618202     -999.000     -999.000     -999.000     -999.000     -999.000
588023668636516545     -999.000     -999.000     -999.000     -999.000     -999.000
588023669172666559     -999.000     -999.000     -999.000     -999.000     -999.000
588023669707374712     -999.000     -999.000     -999.000     -999.000     -999.000
588023669707440191     -999.000     -999.000     -999.000     -999.000     -999.000
588023669709275276     -999.000     -999.000     -999.000     -999.000     -999.000
588023669709471947     -999.000     -999.000     -999.000     -999.000     -999.000
588848899368353849     -999.000     -999.000     -999.000     -999.000     -999.000
588848899376939030     0.141000     0.245000     0.301000     0.735000      4.22784
588848900972544080     -999.000     -999.000     -999.000     -999.000     -999.000
