-----------------------------------------------------------------------------------------
Dust Lane Spheroidal Galaxies- SDSS Photometry
----------------------------------------------

Yuan-Sen Ting (yuan-sen.ting@cfa.harvard.edu)
November 12, 2012


Columns:
--------
(1)     Sloan Digital Sky Survey ID 
(2-6)   SDSS photometry [de-reddened]: u,g,r,i,z
(7-11)  SDSS photometry uncertainties [de-reddened]: u,g,r,i,z
(12-16) K-corrected absolute magnitude: u,g,r,i,z (see Note A)
(17)    log stellar mass (Msun) in logarithmic scale (see Note B)
(18)    Estimated clumpy dust mass (Msun) in logarithmic scale (see Note C)


Notes:
------
(A) We use KCORRECT code from Blanton et al. (2003) and Blanton & Roweis (2007).

(B) Stellar masses are calculated using calibration of Bell et al. (2003). 

(C) We estimate clumpy dust masses from the extinction of SDSS r-band images 
    (see section 6.1 in Kaviraj et al. 2012 for details).


References:
-----------
Bell E. F., McIntosh D. H., Katz N., Weinberg M. D., 2003, ApJS, 149, 289
Blanton M. R., Roweis S., 2007, AJ, 133, 734
Blanton M. R. et al., 2003, AJ, 125 2348
Kaviraj S. et al., 2012, MNRAS, 423, 49


-----------------------------------------------------------------------------------------

587722982300516593      17.5175      15.6758      14.7413      14.3187      14.0020    0.0277207   0.00340624   0.00257453   0.00244902   0.00396286     -19.3298     -21.1176     -21.9437     -22.3333     -22.6415      10.9418      5.64703
587722983363117214      16.4826      14.5831      13.7332      13.3130      12.9982   0.00918435   0.00211287   0.00193195   0.00193440   0.00275950     -18.4379     -20.3125     -21.1200     -21.5308     -21.8383      10.6136     -999.000
587724649803022358      17.1769      15.3043      14.4680      14.0513      13.7062    0.0151909   0.00254033   0.00223401   0.00227773   0.00402307     -18.1260     -19.9422     -20.7493     -21.1398     -21.4831      10.4328      5.44941
587725470127620329      17.2996      15.4132      14.5366      14.0861      13.7149    0.0246323   0.00309710   0.00250849   0.00241895   0.00467295     -18.5462     -20.3563     -21.2007     -21.6110     -21.9852      10.6174      5.33971
587725470135484512      17.0893      15.2763      14.4454      14.0174      13.7015    0.0143605   0.00253801   0.00221276   0.00216691   0.00364942     -17.9410     -19.7062     -20.5089     -20.9167     -21.2295      10.3414     -999.000
587725471202214157      16.7769      14.9060      14.0558      13.6073      13.2694    0.0180174   0.00260540   0.00220780   0.00218598   0.00338431     -18.2776     -20.0949     -20.9204     -21.3463     -21.6822      10.5079     -999.000
587725490524520606      16.8754      14.9503      14.0092      13.4804      13.0278    0.0252319   0.00282647   0.00225948   0.00218788   0.00356185     -18.1589     -19.9924     -20.9334     -21.4260     -21.8812      10.5081      6.41896
587725551192113224      15.3765      13.5162      12.6134      12.1363      11.7438   0.00722018   0.00190847   0.00173213   0.00170592   0.00207960     -17.3156     -19.1592     -20.0492     -20.5234     -20.9134      10.1904     -999.000
587725589847670817      16.0300      14.1414      13.3028      12.8932      12.4865   0.00985652   0.00196742   0.00178133   0.00177291   0.00242029     -18.6955     -20.5240     -21.3500     -21.7365     -22.1429      10.6555     -999.000
587725589847933130      17.9624      16.0389      15.0763      14.5644      14.1632    0.0399116   0.00406627   0.00301588   0.00285683   0.00549955     -18.8418     -20.6676     -21.5701     -22.0206     -22.4321      10.7828      5.83859
587725590385328252      17.6200      15.7732      14.8453      14.3398      13.8861    0.0345923   0.00361940   0.00279384   0.00268249   0.00560688     -17.3006     -19.0654     -19.9923     -20.4651     -20.9210      10.1246      5.11317
587725816963989739      17.2528      15.5733      14.7425      14.3029      13.9254    0.0265499   0.00323491   0.00270124   0.00276762   0.00550658     -17.9830     -19.5858     -20.4111     -20.8131     -21.1945      10.2653      5.95472
587725818036879521      18.1338      16.2407      15.2781      14.7757      14.3797    0.0360189   0.00385744   0.00305971   0.00310009   0.00680340     -18.7298     -20.5312     -21.4250     -21.8689     -22.2731      10.7270      5.41488
587725818557366382      16.9748      14.9164      13.9006      13.3559      12.9366    0.0233171   0.00273374   0.00219798   0.00218741   0.00332942     -18.8056     -20.7811     -21.7625     -22.2705     -22.6897      10.8829      6.30821
587725818563461151      17.7726      15.9509      14.9553      14.4368      14.0240    0.0286886   0.00366007   0.00281184   0.00284629   0.00493041     -19.1143     -20.8536     -21.7781     -22.2408     -22.6589      10.8767     -999.000
587725981765599347      16.8651      15.2743      14.4789      14.0904      13.8000    0.0279406   0.00335650   0.00270756   0.00282941   0.00570507     -16.3907     -17.9571     -18.7397     -19.1227     -19.4103      9.60655      4.61533
587725994110353655      17.6237      15.6462      14.7419      14.2670      13.9216    0.0255176   0.00305061   0.00254192   0.00252294   0.00511545     -18.9184     -20.8077     -21.6547     -22.0771     -22.4302      10.8081      5.76785
587726033308287201      17.3782      15.5194      14.6171      14.1409      13.7839    0.0346381   0.00374748   0.00282863   0.00288567   0.00544404     -18.8543     -20.6304     -21.4888     -21.9185     -22.2808      10.7406      5.93491
587726033853284489      16.9380      14.9347      14.0456      13.5953      13.2652    0.0196032   0.00252509   0.00209342   0.00210689   0.00329465     -18.0881     -20.0579     -20.9077     -21.3448     -21.6691      10.5303      4.97171
587726102027239592      16.5981      14.3886      13.3055      12.7612      12.3657    0.0226826   0.00241247   0.00192013   0.00190356   0.00270470     -18.8528     -21.0095     -22.0456     -22.5692     -22.9590      11.0168      5.74821
587727866178371592      17.8535      16.0255      15.1381      14.6960      14.3792    0.0237764   0.00341715   0.00264829   0.00261542   0.00474910     -18.7853     -20.5382     -21.3508     -21.7463     -22.0665      10.6859     -999.000
587727866446741877      17.7912      15.6199      14.4689      13.9249      13.4892    0.0346679   0.00335494   0.00233537   0.00224800   0.00371080     -18.8833     -20.9678     -22.0356     -22.5376     -22.9693      11.0112      6.26577
587728309104935135      17.6051      15.5728      14.6120      14.1182      13.7088    0.0278758   0.00314578   0.00250246   0.00249223   0.00488700     -18.4431     -20.3975     -21.3145     -21.7692     -22.1799      10.6903      5.79183
587728880332505405      17.6013      15.9754      15.0850      14.6025      14.2082    0.0313841   0.00400396   0.00307822   0.00297590   0.00652270     -17.1976     -18.7665     -19.6498     -20.1076     -20.5024      9.98424      5.53433
587728880346005507      15.4765      13.7804      13.0138      12.6086      12.3091   0.00784891   0.00187768   0.00172885   0.00171202   0.00242801     -18.8641     -20.5166     -21.2666     -21.6566     -21.9535      10.6174     -999.000
587728906102898983      17.6878      15.6480      14.6835      14.1967      13.8010    0.0333857   0.00341507   0.00262403   0.00256476   0.00527542     -19.2550     -21.2082     -22.0899     -22.5229     -22.9229      10.9982      5.76055
587729157890899981      18.1965      16.3668      15.4227      14.9437      14.5768    0.0374041   0.00490386   0.00323822   0.00311657   0.00561194     -17.8508     -19.6177     -20.5089     -20.9553     -21.3208      10.3694      5.44757
587729387134976077      17.4937      15.7175      14.8759      14.4472      14.0991    0.0191845   0.00302683   0.00250388   0.00244179   0.00431258     -19.1567     -20.8371     -21.6250     -21.9897     -22.3525      10.7668     -999.000
587729407541313762      18.3777      16.4942      15.5248      15.0067      14.5508    0.0472896   0.00466076   0.00332272   0.00298160   0.00552722     -16.7277     -18.5316     -19.4926     -19.9781     -20.4350      9.94364      5.54368
587729408080150639      18.4189      16.5317      15.5761      15.1114      14.7168    0.0398607   0.00423857   0.00313300   0.00304689   0.00603734     -18.2981     -20.1159     -20.9903     -21.4120     -21.8070      10.5608      5.69043
587729409151336722      16.3813      14.4557      13.5685      13.0968      12.7229    0.0118307   0.00217583   0.00187202   0.00187352   0.00255496     -18.6755     -20.5457     -21.4082     -21.8574     -22.2293      10.7152      5.09924
587729652348223595      16.8418      14.7438      13.5509      12.9038      12.4497    0.0242072   0.00248140   0.00191436   0.00177954   0.00257136     -18.0694     -20.0949     -21.2588     -21.8828     -22.3326      10.7215     -999.000
587729746837241991      15.9201      13.9593      13.0600      12.6176      12.3083    0.0117898   0.00192651   0.00170886   0.00165666   0.00217637     -18.9507     -20.8918     -21.7467     -22.1817     -22.4833      10.8745     -999.000
587730023864598659      16.8799      14.8573      13.9059      13.4201      13.0552    0.0190786   0.00241536   0.00200931   0.00199412   0.00299916     -17.8424     -19.8326     -20.7504     -21.2247     -21.5845      10.4798      4.74371
587731185132241025      18.6049      16.6810      15.6931      15.2360      14.8579    0.0442297   0.00499012   0.00337176   0.00336545   0.00642096     -18.3426     -20.2057     -21.0863     -21.5063     -21.8778      10.6096     -999.000
587731187797393472      17.2508      15.8862      15.0676      14.6722      14.3067    0.0191980   0.00332191   0.00268993   0.00271030   0.00469665     -16.5400     -17.8775     -18.6903     -19.0744     -19.4387      9.56852     -999.000
587731187799032243      18.2431      16.3747      15.4612      14.9805      14.5510    0.0433106   0.00424222   0.00320499   0.00319987   0.00575688     -18.0053     -19.7821     -20.6646     -21.0913     -21.5300      10.4031      5.62044
587731187814695060      19.0186      16.7742      15.6473      15.1253      14.7082    0.0811500   0.00518621   0.00344160   0.00344010   0.00652766     -17.6807     -19.8481     -20.8879     -21.3702     -21.7828      10.5476      5.84403
587731499726536867      18.7616      16.9568      16.0784      15.5975      15.2230    0.0535948   0.00560228   0.00430403   0.00406184   0.00855665     -17.4933     -19.2012     -20.0525     -20.4753     -20.8617      10.1464      5.63505
587731511542415491      16.5754      15.0505      14.2723      13.8793      13.5429    0.0149795   0.00286447   0.00231101   0.00229435   0.00353268     -17.7752     -19.2512     -20.0219     -20.3964     -20.7324      10.0894     -999.000
587731512076533903      17.3771      15.6672      14.8653      14.4279      14.0683    0.0327141   0.00358638   0.00284519   0.00258064   0.00481943     -18.3313     -19.9516     -20.7474     -21.1324     -21.5013      10.3901     -999.000
587731512081580233      16.9899      15.4314      14.7180      14.3137      13.9881    0.0247907   0.00607507   0.00262352   0.00244053   0.00428270     -17.8027     -19.2916     -20.0102     -20.3812     -20.7114      10.0486      5.36088
587731512614256793      17.2390      15.3345      14.4272      13.9652      13.6468    0.0214951   0.00279969   0.00231027   0.00224349   0.00374301     -19.1279     -20.9662     -21.8063     -22.2311     -22.5489      10.8805     -999.000
587731513142083717      17.4456      15.7112      14.8877      14.4991      14.2117    0.0202301   0.00294375   0.00253618   0.00248972   0.00462132     -18.4397     -20.1202     -20.8902     -21.2492     -21.5328      10.4902     -999.000
587731513157615663      16.4006      14.5495      13.7058      13.2976      12.9791    0.0141158   0.00225355   0.00201094   0.00196637   0.00291218     -17.9761     -19.8018     -20.6159     -21.0158     -21.3288      10.3981     -999.000
587731514222182575      16.9474      14.9570      14.0577      13.5996      13.2649    0.0219331   0.00252795   0.00209837   0.00208256   0.00322933     -18.7684     -20.7084     -21.5584     -21.9922     -22.3226      10.7865      5.71776
587731520671187118      17.2048      15.2732      14.3468      13.8702      13.4599    0.0253004   0.00279345   0.00230725   0.00217267   0.00364913     -17.9370     -19.8012     -20.7087     -21.1575     -21.5674      10.4299      5.76465
587731521210155157      16.5139      14.7862      13.9358      13.4868      13.0793    0.0124185   0.00234860   0.00209252   0.00206460   0.00313559     -18.2368     -19.8874     -20.7377     -21.1564     -21.5664      10.3933      5.39858
587731679581896897      18.2602      16.4292      15.4429      14.9312      14.5075    0.0637782   0.00495436   0.00347996   0.00305524   0.00607052     -17.4155     -19.1813     -20.1352     -20.6146     -21.0374      10.2215      5.78067
587731870172577911      17.1322      15.1136      14.1976      13.7466      13.3891    0.0188665   0.00252641   0.00209712   0.00215835   0.00325725     -18.0806     -20.0626     -20.9360     -21.3718     -21.7234      10.5449     -999.000
587731873927266478      16.3621      14.4165      13.4196      12.8431      12.4239    0.0297388   0.00289724   0.00220182   0.00207968   0.00394044     -18.1278     -20.0168     -21.0020     -21.5592     -21.9764      10.5721      5.98931
587731891112444025      17.9576      15.9061      15.0141      14.5860      14.2289    0.0261071   0.00296819   0.00249848   0.00247172   0.00464724     -18.0551     -20.0512     -20.8851     -21.2843     -21.6380      10.5108     -999.000
587731891116638314      17.1083      15.1744      14.2996      13.8438      13.4196    0.0209033   0.00255972   0.00218387   0.00215881   0.00370660     -18.7446     -20.5813     -21.4410     -21.8451     -22.2777      10.6970      5.84482
587732054309797930      16.0859      14.2721      13.4690      13.0524      12.7283    0.0106129   0.00206140   0.00186498   0.00186196   0.00290190     -18.5984     -20.3650     -21.1474     -21.5459     -21.8676      10.5839     -999.000
587732054317531222      15.1985      13.7370      13.0648      12.7290      12.5087   0.00546362   0.00179926   0.00172954   0.00174899   0.00257111     -17.9036     -19.3428     -20.0036     -20.3342     -20.5513      10.0665     -999.000
587732054852567232      18.2910      16.5964      15.7331      15.2694      14.9101    0.0372389   0.00496730   0.00375008   0.00393690   0.00745048     -18.1109     -19.7186     -20.5448     -20.9511     -21.3223      10.3406     -999.000
587732135388905532      16.7354      14.6964      13.7718      13.3133      12.9674    0.0132317   0.00217456   0.00190076   0.00189678   0.00289843     -18.4952     -20.5032     -21.3806     -21.8263     -22.1651      10.7306      5.71694
587732136456487055      17.2245      15.6187      14.7948      14.3866      14.0995    0.0219939   0.00317609   0.00261915   0.00276751   0.00534542     -17.4640     -19.0337     -19.8311     -20.2252     -20.5082      10.0640      5.19229
587732136457666567      15.7969      14.0227      13.1444      12.6894      12.3362   0.00766380   0.00194708   0.00175719   0.00178545   0.00230265     -18.0678     -19.8142     -20.6726     -21.1200     -21.4695      10.4249     -999.000
587732152567398420      17.1581      15.2471      14.3445      13.8770      13.4919    0.0153156   0.00253840   0.00217492   0.00212867   0.00317691     -17.9901     -19.8424     -20.7202     -21.1633     -21.5466      10.4387      5.45232
587732157926277470      16.7443      15.0937      14.2660      13.8214      13.4711    0.0159179   0.00283483   0.00230172   0.00233380   0.00354949     -17.9869     -19.5795     -20.3969     -20.8180     -21.1685      10.2697     -999.000
587732469851881662      17.8262      15.8675      14.9392      14.4691      14.0567    0.0333542   0.00342638   0.00263794   0.00242736   0.00409154     -18.7093     -20.5801     -21.4532     -21.8711     -22.2908      10.7305     -999.000
587732471456727495      17.5459      15.5682      14.5245      13.9839      13.5932    0.0313103   0.00359374   0.00310045   0.00250900   0.00375690     -18.4524     -20.3640     -21.3521     -21.8623     -22.2496      10.7318      6.46781
587732482753560685      17.8773      15.8740      14.8623      14.3810      14.0185    0.0262786   0.00302269   0.00241219   0.00229430   0.00371247     -18.5765     -20.5248     -21.4535     -21.9056     -22.2620      10.7639     -999.000
587732483266380111      17.3479      15.4421      14.5561      14.1217      13.7942    0.0214723   0.00289095   0.00235069   0.00229590   0.00385582     -18.8137     -20.6610     -21.4842     -21.8869     -22.2116      10.7481      5.76982
587732483283288163      18.4682      16.5771      15.6241      15.1353      14.7019    0.0366263   0.00431491   0.00324542   0.00319879   0.00598351     -16.5900     -18.4108     -19.3482     -19.8091     -20.2423      9.88791      5.03329
587732483826909328      17.8792      15.7579      14.7566      14.2852      13.9177    0.0327618   0.00305296   0.00241931   0.00240484   0.00463277     -18.6133     -20.6796     -21.5959     -22.0377     -22.3990      10.8195      5.60466
587732484358668375      17.1472      15.2960      14.3955      13.9232      13.5737    0.0184933   0.00275054   0.00223188   0.00228753   0.00354676     -19.1743     -20.9433     -21.7933     -22.2190     -22.5736      10.8640      6.17853
587732484373020805      17.4354      15.7522      14.9134      14.4483      14.0955    0.0229846   0.00327117   0.00274564   0.00293963   0.00508212     -17.3748     -18.9940     -19.8257     -20.2642     -20.6182      10.0419      5.77091
587732577231306897      18.5281      16.5903      15.6519      15.1241      14.6841    0.0764752   0.00579588   0.00398636   0.00341021   0.00642364     -18.0452     -19.8829     -20.7947     -21.2538     -21.7096      10.4544      5.92238
587732578849980539      18.2345      16.2459      15.2455      14.6980      14.3102    0.0345599   0.00389554   0.00272634   0.00269919   0.00416309     -17.6951     -19.6027     -20.5637     -21.0732     -21.4615      10.4022      5.11576
587732579381411936      19.3736      17.2180      16.2120      15.6683      15.2557     0.115259   0.00735307   0.00450011   0.00429568   0.00822784     -17.3774     -19.4297     -20.3784     -20.8615     -21.2828      10.3183      5.28309
587732590105002175      16.7543      14.8743      13.9590      13.4640      13.0634    0.0181335   0.00245460   0.00206392   0.00196506   0.00291061     -19.1467     -20.9339     -21.8268     -22.2738     -22.6806      10.8713     -999.000
587732703405080593      17.8460      16.2308      15.5104      15.0966      14.7917    0.0397283   0.00442205   0.00412390   0.00384669   0.00649735     -17.6429     -19.1666     -19.8927     -20.2514     -20.5673      10.0071      5.77773
587732772122853490      17.3079      15.3836      14.4887      14.0235      13.6970    0.0161830   0.00266294   0.00218823   0.00218473   0.00313224     -18.6993     -20.5646     -21.4047     -21.8392     -22.1634      10.7221     -999.000
587733079739858984      16.7210      14.7652      13.8487      13.3820      13.0182    0.0149370   0.00226389   0.00195307   0.00187009   0.00262831     -19.0011     -20.9016     -21.7721     -22.2122     -22.5729      10.8732     -999.000
587733080805802149      16.7445      14.9280      14.0928      13.6645      13.3080    0.0193237   0.00244136   0.00214610   0.00211573   0.00376677     -19.2388     -20.9706     -21.7762     -22.1562     -22.5197      10.8284     -999.000
587733081891930233      17.9449      15.9319      14.9287      14.4355      14.0819    0.0344960   0.00335374   0.00254910   0.00251247   0.00422343     -18.8590     -20.8067     -21.7150     -22.1700     -22.5194      10.8657     -999.000
587733195696046178      19.0835      17.2193      16.2904      15.8324      15.4256    0.0628955   0.00591506   0.00420675   0.00373662   0.00731129     -17.7221     -19.5191     -20.3722     -20.7815     -21.1919      10.3008      5.43912
587733196235014168      16.3098      14.3255      13.4605      13.0361      12.7283    0.0114260   0.00205286   0.00180589   0.00178006   0.00251546     -18.8404     -20.8002     -21.6159     -22.0305     -22.3299      10.8162     -999.000
587733398640525514      18.4416      16.5604      15.5978      15.0585      14.6276    0.0704678   0.00627220   0.00522911   0.00499620    0.0100223     -18.2555     -20.0281     -20.9559     -21.4241     -21.8710      10.5270     -999.000
587733399190634661      15.2024      13.5238      12.7810      12.3880      12.1159   0.00690716   0.00180591   0.00167107   0.00168852   0.00216415     -19.0262     -20.6685     -21.3914     -21.7722     -22.0404      10.6703     -999.000
587733412056858839      18.6160      16.6109      15.6004      15.0790      14.6740    0.0479609   0.00471045   0.00334279   0.00331355   0.00571619     -18.2450     -20.1612     -21.0943     -21.5629     -21.9713      10.6114      5.88756
587733412068655294      16.7838      14.7543      13.8069      13.3015      12.9176    0.0170761   0.00238627   0.00199897   0.00197855   0.00272409     -18.3175     -20.2955     -21.2123     -21.6973     -22.0780      10.6577     -999.000
587733432461689042      18.8850      16.8848      15.9020      15.3664      14.9511    0.0547529   0.00517015   0.00376839   0.00362115   0.00715843     -17.6183     -19.5121     -20.4529     -20.9295     -21.3543      10.3402      5.36650
587733433533923498      16.3003      14.2618      13.3698      12.9268      12.5872    0.0123421   0.00208420   0.00184082   0.00188488   0.00258256     -19.0088     -21.0155     -21.8586     -22.2880     -22.6203      10.9162      5.92117
587733441052082318      18.2502      16.3916      15.5084      15.0839      14.7694    0.0285398   0.00351536   0.00279954   0.00282348   0.00531592     -16.6346     -18.4637     -19.3088     -19.7220     -20.0303      9.88427     -999.000
587733442120843368      16.8216      14.8991      14.0502      13.6501      13.3656    0.0123504   0.00229474   0.00202637   0.00208776   0.00299674     -18.5727     -20.4700     -21.2614     -21.6509     -21.9250      10.6680     -999.000
587733442121826521      17.6074      15.6428      14.6095      14.0833      13.6949    0.0222382   0.00301532   0.00233814   0.00236708   0.00352662     -18.0150     -19.9266     -20.9108     -21.4144     -21.7975      10.5556     -999.000
587733603733930132      17.8632      15.8047      14.7798      14.2757      13.8806    0.0459915   0.00374311   0.00268149   0.00247859   0.00461874     -19.0633     -21.0476     -21.9774     -22.4375     -22.8298      10.9721      6.24830
587733605328027678      18.2899      16.0845      15.0367      14.5197      14.1483    0.0396836   0.00368344   0.00268880   0.00272410   0.00469245     -18.3455     -20.4845     -21.4458     -21.9270     -22.2937      10.7676     -999.000
587733605339627709      18.4849      16.6626      15.7465      15.2477      14.8734    0.0449033   0.00500306   0.00363758   0.00382570   0.00707417     -16.6771     -18.4336     -19.3319     -19.8026     -20.1765      9.87984      4.96319
587734303808290913      18.5548      16.4989      15.4653      14.9434      14.5345    0.0787303   0.00535568   0.00360835   0.00313024   0.00588269     -18.3810     -20.3556     -21.3015     -21.7743     -22.1831      10.7009     -999.000
587734304879870188      18.4503      16.7798      15.8802      15.3959      14.9831    0.0656757   0.00610705   0.00450896   0.00422527    0.0102974     -17.0933     -18.6948     -19.5811     -20.0272     -20.4430      9.96300      5.48503
587734622162059376      17.1151      15.2178      14.3238      13.8764      13.5010    0.0251653   0.00297598   0.00244116   0.00242198   0.00448410     -18.8136     -20.6413     -21.4934     -21.9044     -22.2808      10.7442      6.03235
587734691425616099      18.2128      16.3534      15.3860      14.8966      14.5058    0.0555161   0.00491030   0.00401700   0.00400446   0.00984988     -18.7202     -20.5028     -21.3880     -21.8255     -22.2197      10.7172      6.42842
587734862685208731      18.0944      16.2693      15.3508      14.8690      14.4866    0.0282114   0.00386392   0.00304112   0.00298280   0.00566355     -18.0558     -19.7975     -20.6766     -21.1128     -21.5002      10.4184     -999.000
587734892748144649      15.1715      13.9619      13.3525      13.0290      12.7957   0.00551757   0.00193625   0.00184751   0.00185643   0.00275670     -19.6672     -20.8391     -21.4468     -21.7434     -21.9784      10.5832     -999.000
587734892753190983      17.7265      15.6852      14.6313      14.1283      13.7140    0.0421903   0.00383348   0.00284349   0.00274528   0.00543758     -19.2585     -21.2279     -22.1793     -22.6402     -23.0493      11.0580      5.85322
587734893826605138      18.3642      16.6010      15.6939      15.1937      14.8394    0.0464820   0.00519742   0.00388373   0.00394106   0.00763895     -18.5254     -20.1873     -21.0414     -21.4706     -21.8418      10.5485      5.66785
587734948056727714      17.3990      15.3203      14.3203      13.8146      13.3351    0.0266413   0.00292642   0.00236897   0.00221780   0.00348053     -18.5884     -20.5723     -21.5407     -22.0013     -22.4843      10.7794      5.52751
587735043610837189      19.0366      16.7532      15.5654      14.9804      14.4499     0.105913   0.00596154   0.00364303   0.00343356   0.00691699     -17.5431     -19.7130     -20.8312     -21.3675     -21.8956      10.5391      6.46572
587735044146987246      18.3625      16.5530      15.6426      15.1383      14.7258    0.0429712   0.00516343   0.00365574   0.00365937   0.00650001     -17.2052     -18.9254     -19.8274     -20.2870     -20.7045      10.0626      5.52206
587735344266084504      18.7217      16.9734      16.0670      15.5921      15.1814    0.0705722   0.00604338   0.00430009   0.00419620    0.0103174     -17.6683     -19.3475     -20.2102     -20.6369     -21.0542      10.2244      5.59122
587735344799350868      15.1244      12.9882      12.0103      11.5307      11.1950   0.00649012   0.00163539   0.00151555   0.00151402   0.00173504     -17.4839     -19.6110     -20.5732     -21.0510     -21.3837      10.4130     -999.000
587735349109391532      17.2419      15.4521      14.6296      14.1848      13.8363    0.0263631   0.00325352   0.00256077   0.00273208   0.00495001     -18.3106     -20.0165     -20.8268     -21.2276     -21.5814      10.4389      6.23210
587735429084020815      18.0542      16.0932      15.1473      14.6928      14.3233    0.0337963   0.00350191   0.00276803   0.00265054   0.00509810     -18.6774     -20.5709     -21.4298     -21.8435     -22.2118      10.7366      5.75447
587735660476235779      17.1339      15.4163      14.6242      14.2251      13.8949    0.0146544   0.00296158   0.00234889   0.00235567   0.00357810     -18.1513     -19.8008     -20.5746     -20.9402     -21.2716      10.3338     -999.000
587735664771399827      17.5222      15.7048      14.7957      14.3249      13.9344    0.0226724   0.00350901   0.00258352   0.00251187   0.00409896     -18.3111     -20.0519     -20.9295     -21.3608     -21.7539      10.5172      5.99294
587735665855824011      16.7048      15.0138      14.2244      13.7770      13.4238    0.0148690   0.00250726   0.00217960   0.00217196   0.00375543     -18.4020     -20.0054     -20.7994     -21.2052     -21.5643      10.3986      5.59820
587735666377687209      18.0594      16.2608      15.3971      14.9238      14.5466    0.0367413   0.00405821   0.00314323   0.00298220   0.00637844     -18.9419     -20.6349     -21.4491     -21.8417     -22.2421      10.6911     -999.000
587735695374876879      17.5199      15.6989      14.8017      14.2939      13.8491    0.0446667   0.00434826   0.00314589   0.00288858   0.00571251     -17.7979     -19.5264     -20.4280     -20.8913     -21.3416      10.2874      5.97745
587735697524260946      17.4225      14.8160      13.7482      13.1765      12.7055    0.0497353   0.00271618   0.00211332   0.00209018   0.00324265     -18.3867     -20.8895     -21.9280     -22.4573     -22.9290      10.9556      6.55424
587735697524719680      16.8704      15.1463      14.1619      13.7187      13.3032    0.0278533   0.00342375   0.00243414   0.00250793   0.00445191     -18.3302     -20.0170     -20.9598     -21.3876     -21.7975      10.5564      6.02585
587735744223379693      17.9747      16.1770      15.3270      14.8818      14.5359    0.0291779   0.00385466   0.00300045   0.00310871   0.00539087     -18.2820     -19.9905     -20.8021     -21.1941     -21.5491      10.4445      5.94614
587735744231506466      18.5658      16.3131      15.1406      14.5354      14.1579     0.105335   0.00656787   0.00383633   0.00370024   0.00706280     -17.5397     -19.7016     -20.8147     -21.3845     -21.7577      10.5348      5.94556
587736477591601352      16.9458      14.9124      13.9441      13.4427      13.0621    0.0204174   0.00252461   0.00207883   0.00204317   0.00326982     -18.0843     -20.0727     -21.0074     -21.4916     -21.8680      10.5815      6.11923
587736478124408901      16.9719      15.2139      14.4663      14.0885      13.8206    0.0157387   0.00249729   0.00222925   0.00222814   0.00410766     -18.5694     -20.2573     -20.9797     -21.3187     -21.5880      10.4863      5.40976
587736478662066339      16.8773      15.0043      14.0789      13.5725      13.1937    0.0140848   0.00255564   0.00214604   0.00213690   0.00291905     -17.1429     -18.9793     -19.8864     -20.3826     -20.7582      10.1213      5.15580
587736541489463712      18.2247      16.1785      15.2358      14.7325      14.3463    0.0700016   0.00784865   0.00362205   0.00299960   0.00626617     -18.1128     -20.0663     -20.9657     -21.4181     -21.8110      10.5395      6.20380
587736542015914147      18.2931      16.5065      15.6450      15.2193      14.8124    0.0383921   0.00449449   0.00347909   0.00343246   0.00667613     -17.7402     -19.4483     -20.2764     -20.6566     -21.0692      10.2358     -999.000
587736542023778459      17.0231      15.1198      14.2088      13.7333      13.3519    0.0160430   0.00260930   0.00221139   0.00219870   0.00324104     -18.7710     -20.6014     -21.4777     -21.9169     -22.2994      10.7429     -999.000
587736543090114634      16.1663      14.2269      13.3337      12.8996      12.5955   0.00920505   0.00201650   0.00181613   0.00184109   0.00235792     -18.0843     -20.0116     -20.8694     -21.2997     -21.5971      10.5238     -999.000
587736546313109926      18.3174      16.5050      15.6494      15.1982      14.8458    0.0550752   0.00476027   0.00378713   0.00358009   0.00775394     -17.1856     -18.9277     -19.7624     -20.1778     -20.5321      10.0317      5.67974
587736583892238376      15.5710      13.6793      12.6233      12.1011      11.6718   0.00776498   0.00202660   0.00171734   0.00170213   0.00200073     -17.5048     -19.3718     -20.4130     -20.9299     -21.3563      10.3507      5.69290
587736584438481072      18.5558      16.4548      15.4412      14.9280      14.5185    0.0674597   0.00453313   0.00316856   0.00292763   0.00539348     -17.3379     -19.3745     -20.3385     -20.8215     -21.2284      10.3178      6.07575
587736584963817682      18.2477      16.2931      15.2679      14.7376      14.3052    0.0289482   0.00356351   0.00267984   0.00265805   0.00465957     -18.5462     -20.4075     -21.3631     -21.8389     -22.2758      10.7200     -999.000
587736585498132495      18.8696      16.9885      16.1087      15.6080      15.2357    0.0505660   0.00498650   0.00383283   0.00382088   0.00957926     -17.8513     -19.6119     -20.4611     -20.8816     -21.2778      10.3008      5.64289
587736585500688471      17.7667      15.9039      15.0223      14.5868      14.2559    0.0216603   0.00298358   0.00251535   0.00255056   0.00487155     -18.0882     -19.8955     -20.7265     -21.1335     -21.4616      10.4433     -999.000
587736586050470087      17.4914      15.7449      14.9281      14.5042      14.1890    0.0207446   0.00326477   0.00261162   0.00268791   0.00432750     -18.1824     -19.8592     -20.6464     -21.0329     -21.3497      10.3796     -999.000
587736619324604722      18.3552      16.3590      15.4012      14.9341      14.5662    0.0389598   0.00395506   0.00301184   0.00291380   0.00546027     -16.7511     -18.7100     -19.6281     -20.0804     -20.4428      10.0267      5.57620
587736619326963977      18.6510      16.8503      15.9625      15.4911      15.1347    0.0514871   0.00529844   0.00392339   0.00374648   0.00770034     -18.0822     -19.7910     -20.6236     -21.0321     -21.4020      10.3813      5.79872
587736619327815996      17.9819      16.1506      15.2709      14.8275      14.4562    0.0443706   0.00455350   0.00339370   0.00325807   0.00670255     -18.7764     -20.5260     -21.3396     -21.7261     -22.1069      10.6696      5.68870
587736619328537121      17.1322      15.2028      14.2223      13.7085      13.2580    0.0231757   0.00302364   0.00237713   0.00225971   0.00350649     -18.3301     -20.1738     -21.1369     -21.6135     -22.0653      10.6105      6.11818
587736753012998491      16.9290      15.0449      14.2084      13.7976      13.4984    0.0204175   0.00255623   0.00216023   0.00213125   0.00389648     -19.4647     -21.2757     -22.0491     -22.4153     -22.7174      10.9510     -999.000
587736812601933902      16.4264      14.4428      13.4882      12.9927      12.6420    0.0162562   0.00225030   0.00186990   0.00180010   0.00250280     -18.5666     -20.5170     -21.4320     -21.9148     -22.2597      10.7565      6.03243
587736899572138154      18.2075      16.3840      15.4965      15.0211      14.6745    0.0409838   0.00458546   0.00332026   0.00345218   0.00641459     -17.9905     -19.7294     -20.5775     -21.0047     -21.3577      10.3701      5.58452
587736914601312325      16.7701      14.9143      14.0168      13.5503      13.1716    0.0130775   0.00245318   0.00200020   0.00199352   0.00284393     -18.7409     -20.5300     -21.3986     -21.8338     -22.2121      10.7073      5.94922
587736916217888929      16.4206      14.4600      13.5592      13.0981      12.7146    0.0152054   0.00216129   0.00191322   0.00188298   0.00289630     -18.7008     -20.6059     -21.4804     -21.9186     -22.2999      10.7439      5.56641
587736917286584366      15.3407      13.4825      12.6544      12.1927      11.8127   0.00747175   0.00175934   0.00164297   0.00163588   0.00200216     -18.4907     -20.3097     -21.1250     -21.5761     -21.9539      10.5871      5.87448
587736919434002675      16.8462      14.8740      13.9818      13.5294      13.1959    0.0161627   0.00237323   0.00202191   0.00194066   0.00277310     -18.2565     -20.1954     -21.0461     -21.4851     -21.8125      10.5877      5.25835
587736920507089089      16.4860      15.3198      14.5988      14.1915      13.9286    0.0105374   0.00255528   0.00226261   0.00221994   0.00379444     -18.4990     -19.6566     -20.3647     -20.7544     -21.0155      10.2441     -999.000
587736920507154724      17.6144      15.6846      14.7802      14.3336      13.9433    0.0330271   0.00327941   0.00257885   0.00251279   0.00482022     -18.6692     -20.5240     -21.3747     -21.7791     -22.1722      10.6981      6.03498
587736941987364966      18.3589      16.5279      15.5946      15.1074      14.6784    0.0402112   0.00407240   0.00326064   0.00322274   0.00704553     -18.2707     -20.0179     -20.8996     -21.3303     -21.7689      10.5060      5.83309
587736942529806580      16.8237      15.3952      14.0666      13.5522      13.1211    0.0245501    0.0185675   0.00301421   0.00349490   0.00389091     -18.8957     -20.2944     -21.5761     -22.0654     -22.4918      10.8199     -999.000
587736975276966061      17.2264      15.3270      14.4198      13.9846      13.5875    0.0282373   0.00308280   0.00239464   0.00225980   0.00368556     -18.3918     -20.2321     -21.1013     -21.5080     -21.9031      10.5908     -999.000
587736976883974275      16.5618      14.6503      13.7911      13.3719      13.0786    0.0108298   0.00217712   0.00191156   0.00196755   0.00267684     -18.5718     -20.4608     -21.2696     -21.6800     -21.9642      10.6764     -999.000
587737826747285688      16.3770      14.4702      13.6073      13.1300      12.7251    0.0232342   0.00250401   0.00219170   0.00209105   0.00368845     -18.7279     -20.5462     -21.4095     -21.8483     -22.2574      10.6729      6.23362
587737826756198431      15.3782      13.7658      12.9158      12.4966      12.1387    0.0107193   0.00201071   0.00184215   0.00181877   0.00280816     -19.2391     -20.8037     -21.6379     -22.0387     -22.3951      10.7735      5.59497
587738066192564236      19.0119      17.2785      16.3388      15.8715      15.4744    0.0780523   0.00673292   0.00465530   0.00405005   0.00824572     -17.5934     -19.2707     -20.1415     -20.5673     -20.9656      10.2134     -999.000
587738066730680717      18.2586      16.2799      15.2466      14.7450      14.3215    0.0409868   0.00448705   0.00290301   0.00269527   0.00468819     -18.5515     -20.4576     -21.4018     -21.8611     -22.2821      10.7438      6.05548
587738195579633799      15.3242      13.5739      12.8308      12.4806      12.1949   0.00719444   0.00179289   0.00170780   0.00174242   0.00234001     -17.4790     -19.2164     -19.9439     -20.2918     -20.5737      10.1066      5.08869
587738196656586970      17.2072      15.4324      14.4502      13.9373      13.5989    0.0445987   0.00405845   0.00280372   0.00275698   0.00484019     -19.7750     -21.4681     -22.3633     -22.8239     -23.1650      11.1118     -999.000
587738371669623034      17.1480      15.2478      14.3583      13.9110      13.5770    0.0170365   0.00259971   0.00217963   0.00214428   0.00330305     -17.6727     -19.5412     -20.3955     -20.8309     -21.1595      10.3232      5.63802
587738410859495478      16.5403      14.5602      13.6340      13.1789      12.8693    0.0136783   0.00209097   0.00184718   0.00182989   0.00290514     -17.7819     -19.7462     -20.6378     -21.0878     -21.3911      10.4347      4.77860
587738569776431242      16.3645      14.4794      13.5424      13.0827      12.6872    0.0153404   0.00234771   0.00205847   0.00199528   0.00286509     -18.0368     -19.8835     -20.7975     -21.2450     -21.6369      10.4793     -999.000
587738570323918904      16.3466      14.6519      13.8644      13.3839      13.0752    0.0129778   0.00242522   0.00220844   0.00232984   0.00336791     -19.3447     -20.9367     -21.7254     -22.1477     -22.4680      10.7777      6.00818
587738570851614723      16.3864      14.4827      13.5922      13.1693      12.8506    0.0118699   0.00216292   0.00196696   0.00192183   0.00254741     -18.5999     -20.4816     -21.3260     -21.7405     -22.0512      10.7009     -999.000
587738572994707485      16.5547      14.7374      13.9424      13.5166      13.2507    0.0151284   0.00234342   0.00208364   0.00203289   0.00326593     -16.8526     -18.6558     -19.4294     -19.8521     -20.1133      9.92878      5.05357
587738573531512911      16.8210      14.9609      14.1159      13.6879      13.3636    0.0109176   0.00227078   0.00205109   0.00205176   0.00296046     -18.2843     -20.1046     -20.9130     -21.3244     -21.6436      10.5174      5.25249
587738573534986255      16.1623      14.1231      13.1861      12.7519      12.4470   0.00838519   0.00187418   0.00170558   0.00170047   0.00221529     -17.8951     -19.9220     -20.8272     -21.2576     -21.5566      10.5047     -999.000
587738946673967288      18.1550      16.5147      15.7410      15.3399      15.0176    0.0285263   0.00392113   0.00322895   0.00310919   0.00615280     -18.1759     -19.7253     -20.4681     -20.8052     -21.1431      10.2721      5.95452
587738947220013186      18.0521      16.0702      15.1168      14.6105      14.1998    0.0344470   0.00364633   0.00278713   0.00280064   0.00539149     -18.2626     -20.1489     -21.0614     -21.5162     -21.9337      10.5795      5.49661
587738950420267121      16.6427      14.7356      13.8073      13.2864      12.8650    0.0122293   0.00239365   0.00197735   0.00198362   0.00278011     -17.9197     -19.7581     -20.6781     -21.1763     -21.5971      10.4169     -999.000
587738950958645294      16.9650      15.0187      14.1034      13.6795      13.3525    0.0177969   0.00239817   0.00204961   0.00201238   0.00328954     -19.3570     -21.2562     -22.0901     -22.4887     -22.8080      11.0020     -999.000
587739097524142090      16.9869      15.0380      14.0755      13.6484      13.3311    0.0156755   0.00239022   0.00202902   0.00199997   0.00299398     -18.3625     -20.2860     -21.1934     -21.6100     -21.9185      10.6500     -999.000
587739114706829525      18.0805      16.3464      15.5046      15.0833      14.7300    0.0344043   0.00430437   0.00329669   0.00318339   0.00608203     -17.0849     -18.7587     -19.5799     -19.9738     -20.3266      9.95415      5.57519
587739115237277863      15.8980      14.1840      13.3538      12.9139      12.4460    0.0197422   0.00259925   0.00236633   0.00226412   0.00355345     -17.9499     -19.6003     -20.4352     -20.8565     -21.3255      10.2453     -999.000
587739131880276122      16.1948      14.3157      13.3978      12.9447      12.5851    0.0105717   0.00243930   0.00190161   0.00188629   0.00251911     -16.6822     -18.5506     -19.4513     -19.9023     -20.2586      9.95817     -999.000
587739166775574837      17.4072      15.6689      14.8554      14.4290      14.0907    0.0408043   0.00485511   0.00278005   0.00268762   0.00604591     -19.0666     -20.7171     -21.4900     -21.8547     -22.2074      10.7009      5.85314
587739303143342253      16.8395      14.9135      14.0017      13.5449      13.1831    0.0193608   0.00245649   0.00203778   0.00195063   0.00301480     -18.2863     -20.1690     -21.0457     -21.4848     -21.8423      10.5811      5.77756
587739305297510430      15.8747      13.9148      13.0242      12.5881      12.2774   0.00874054   0.00183598   0.00167869   0.00168014   0.00212056     -18.7534     -20.6975     -21.5471     -21.9777     -22.2809      10.7953     -999.000
587739377768988784      15.7647      14.1676      13.3843      12.9905      12.7143   0.00887669   0.00212478   0.00190698   0.00193213   0.00265490     -17.6197     -19.1971     -19.9630     -20.3522     -20.6245      10.1125      5.01607
587739380452163639      18.2449      16.8537      15.9794      15.5258      15.1312    0.0454764   0.00545850   0.00411111   0.00391390   0.00796413     -18.0217     -19.3875     -20.2215     -20.6395     -21.0359      10.2209     -999.000
587739380455374970      17.6455      15.6703      14.6893      14.1833      13.7075    0.0493613   0.00384357   0.00280591   0.00252375   0.00434779     -17.6949     -19.5853     -20.5543     -21.0237     -21.5010      10.3703      5.72022
587739380989231262      18.0507      16.0801      15.0351      14.5282      14.1075    0.0364803   0.00365708   0.00275520   0.00267563   0.00474537     -18.2762     -20.1809     -21.1560     -21.6300     -22.0467      10.6501     -999.000
587739382070706185      16.0965      14.1047      13.2249      12.8032      12.5004    0.0124702   0.00202009   0.00177749   0.00178175   0.00235565     -19.0115     -20.9823     -21.8116     -22.2252     -22.5190      10.8962     -999.000
587739386353746046      16.1105      14.3292      13.4980      13.0576      12.7295    0.0134542   0.00224469   0.00193230   0.00193803   0.00264095     -19.1983     -20.9183     -21.7243     -22.1359     -22.4633      10.8197     -999.000
587739406774304786      17.0960      15.1158      14.2590      13.8615      13.5653    0.0187028   0.00250231   0.00216554   0.00218664   0.00381632     -18.7635     -20.7048     -21.4962     -21.8742     -22.1620      10.7550     -999.000
587739406804058294      16.0273      14.0353      13.1370      12.6761      12.3474    0.0116269   0.00204072   0.00181071   0.00179342   0.00249079     -19.0635     -21.0264     -21.8805     -22.3298     -22.6517      10.9285     -999.000
587739407324020780      17.4389      15.0980      14.0084      13.4879      13.0998    0.0248346   0.00241309   0.00201238   0.00196670   0.00301629     -18.0818     -20.3716     -21.4117     -21.9115     -22.2936      10.7578      5.01650
587739407335096577      17.4187      15.4879      14.5962      14.1584      13.8291    0.0230433   0.00274036   0.00234144   0.00232286   0.00431805     -19.1459     -21.0058     -21.8231     -22.2183     -22.5490      10.8790     -999.000
587739408406937738      15.9729      14.0902      13.2542      12.8305      12.5186    0.0104419   0.00192177   0.00176414   0.00178636   0.00250299     -18.3618     -20.2218     -21.0273     -21.4438     -21.7499      10.5703     -999.000
587739505549246491      17.7101      15.8914      15.0374      14.6057      14.2833    0.0232420   0.00315883   0.00258121   0.00254299   0.00458665     -18.2066     -19.9599     -20.7695     -21.1658     -21.4885      10.4468     -999.000
587739506616107041      15.8183      13.9033      13.0590      12.6228      12.3245   0.00988537   0.00192123   0.00170499   0.00172568   0.00224244     -18.6055     -20.5034     -21.3120     -21.7426     -22.0340      10.6957     -999.000
587739609175490637      16.6912      14.8579      14.0155      13.5949      13.2788    0.0127707   0.00221504   0.00198711   0.00198584   0.00313515     -18.6016     -20.3897     -21.1942     -21.5945     -21.9059      10.6234     -999.000
587739609710002273      17.1988      15.3120      14.4094      13.9229      13.5541    0.0180717   0.00269604   0.00222891   0.00230925   0.00358983     -18.5862     -20.3944     -21.2676     -21.7146     -22.0860      10.6538      5.53920
587739610239729753      16.1265      14.0212      13.0395      12.5569      12.1925    0.0130420   0.00194646   0.00171522   0.00170799   0.00227616     -18.1979     -20.2824     -21.2315     -21.7072     -22.0661      10.6800      5.51994
587739706872627330      18.1707      16.2690      15.4213      15.0621      14.7046    0.0470894   0.00455404   0.00408396   0.00444164   0.00784282     -16.9027     -18.7660     -19.5769     -19.9199     -20.2719      9.96656      5.11602
587739707409432777      18.7669      16.3709      15.2919      14.6917      14.1636    0.0998174   0.00542295   0.00368697   0.00352557   0.00726839     -16.7075     -18.9884     -20.0548     -20.6123     -21.1412      10.2032      6.06424
587739707410415654      15.8977      14.3500      13.5940      13.1978      12.8952   0.00771466   0.00203760   0.00188311   0.00190338   0.00272189     -17.2024     -18.7247     -19.4712     -19.8618     -20.1623      9.88251     -999.000
587739707420639470      18.4903      16.7336      15.7675      15.2178      14.7693    0.0729812   0.00660435   0.00453064   0.00438476   0.00943322     -18.1949     -19.8712     -20.8064     -21.2889     -21.7510      10.4681     -999.000
587739707944206424      18.6114      16.6189      15.7037      15.2393      14.8541    0.0627196   0.00485162   0.00365880   0.00366779   0.00900977     -18.1126     -20.0215     -20.8689     -21.2796     -21.6722      10.4952      6.06942
587739707944403066      17.6225      15.5843      14.6551      14.2084      13.8603    0.0221195   0.00276957   0.00233240   0.00232057   0.00399183     -19.0054     -20.9815     -21.8246     -22.2348     -22.5800      10.8948     -999.000
587739708481405113      17.1967      15.0755      14.0741      13.5346      13.1360    0.0282925   0.00272820   0.00210432   0.00213561   0.00331884     -17.5380     -19.6085     -20.5843     -21.1068     -21.5019      10.4170      5.59631
587739719768473760      17.7056      15.6336      14.7075      14.2212      13.8368    0.0659484   0.00453766   0.00324188   0.00299398   0.00607216     -18.0119     -20.0117     -20.9062     -21.3571     -21.7423      10.5165     -999.000
587739720299643040      16.9610      15.4365      14.5036      14.2809      14.0026    0.0298854   0.00433406   0.00357157   0.00413268    0.0126857     -16.1565     -17.6713     -18.5837     -18.8046     -19.0780      9.54606     -999.000
587739720846934175      16.1329      14.7385      13.9566      13.5268      13.2180    0.0125423   0.00229131   0.00201947   0.00202133   0.00353046     -19.0638     -20.4233     -21.1907     -21.5957     -21.9044      10.5788      5.21512
587739721371877494      17.8428      16.0294      15.1375      14.6355      14.2611    0.0440968   0.00449457   0.00329951   0.00344712   0.00678852     -18.6392     -20.3457     -21.2092     -21.6438     -22.0347      10.6094      5.93668
587739721383149823      17.5971      15.9444      15.1487      14.7515      14.4165    0.0253136   0.00334804   0.00269345   0.00286325   0.00507360     -17.7474     -19.3333     -20.1110     -20.4737     -20.8103      10.1457      5.02133
587739811030827247      18.3065      16.5296      15.6003      15.1060      14.6347    0.0641832   0.00511495   0.00389428   0.00440020   0.00925624     -17.3121     -19.0089     -19.9281     -20.3793     -20.8549      10.1059      6.33153
587739811032006825      17.7510      16.1429      15.3091      14.7835      14.3968    0.0513114   0.00554109   0.00345850   0.00352103   0.00927056     -17.6949     -19.2284     -20.0760     -20.5520     -20.9470      10.1298      5.37413
587739811567829266      17.1804      15.3442      14.4670      14.0237      13.6405    0.0240311   0.00303074   0.00240847   0.00250488   0.00403890     -18.5973     -20.3596     -21.2060     -21.6107     -21.9962      10.6184      5.38549
587739814244712759      16.4190      14.4213      13.4850      13.0288      12.6859    0.0164649   0.00215519   0.00185387   0.00179815   0.00254113     -18.5346     -20.5063     -21.3999     -21.8462     -22.1823      10.7380     -999.000
587739827667402818      16.6007      14.8844      14.1171      13.7449      13.4238    0.0152993   0.00242856   0.00213359   0.00213501   0.00354181     -18.5375     -20.1872     -20.9392     -21.2792     -21.6013      10.4648      5.79047
587739827669303467      17.7868      15.7963      14.8831      14.4048      14.0247    0.0413965   0.00369914   0.00281624   0.00269963   0.00516081     -18.9531     -20.8477     -21.7017     -22.1191     -22.5108      10.8229      5.66694
587739827677364302      17.4222      15.6323      14.7747      14.2961      13.9209    0.0302309   0.00340963   0.00267828   0.00255547   0.00467398     -18.5846     -20.2745     -21.1188     -21.5396     -21.9264      10.5620      5.69778
587739828201980089      17.9388      15.9776      15.0570      14.6026      14.1943    0.0370292   0.00356363   0.00281671   0.00271745   0.00537946     -18.5932     -20.4748     -21.3330     -21.7399     -22.1529      10.6843      5.97145
587739845383356595      16.3854      14.9163      14.1450      13.7736      13.4148    0.0134651   0.00244203   0.00214518   0.00212629   0.00369379     -17.3619     -18.7860     -19.5552     -19.9127     -20.2714      9.87441     -999.000
587741391571255356      16.6194      14.9177      14.1286      13.7057      13.3751    0.0136700   0.00235663   0.00212184   0.00213066   0.00365869     -18.1044     -19.7411     -20.5229     -20.9194     -21.2511      10.3031     -999.000
587741420558418177      16.6018      14.5899      13.6796      13.2174      12.8562    0.0119883   0.00215158   0.00193227   0.00186606   0.00244384     -18.2753     -20.2570     -21.1294     -21.5801     -21.9356      10.6277     -999.000
587741421105643621      16.5946      14.6611      13.6261      13.0766      12.6684    0.0221337   0.00266224   0.00211997   0.00206366   0.00337894     -18.7083     -20.5783     -21.5816     -22.1060     -22.5110      10.8182      5.97139
587741421642711072      16.4117      14.4541      13.5922      13.1367      12.7743    0.0118746   0.00212738   0.00192802   0.00191246   0.00277182     -18.3151     -20.2287     -21.0659     -21.5052     -21.8645      10.5783     -999.000
587741488756031495      16.2887      14.4218      13.5609      13.1140      12.7842   0.00942450   0.00213690   0.00188362   0.00190725   0.00264960     -17.7957     -19.6421     -20.4756     -20.9164     -21.2411      10.3584      5.34839
587741491448709245      18.0376      16.3246      15.5229      15.0893      14.7371    0.0331675   0.00389523   0.00333255   0.00367748   0.00764250     -18.5127     -20.1217     -20.8934     -21.2524     -21.6269      10.4478      5.71926
587741531705507978      18.5534      16.6015      15.7536      15.3657      15.0514    0.0435625   0.00494252   0.00350156   0.00369844   0.00739448     -15.5523     -17.4809     -18.3027     -18.6837     -18.9929      9.46627      5.20768
587741531705507995      17.6331      15.8714      15.0466      14.6020      14.2872    0.0248299   0.00406667   0.00301883   0.00287883   0.00528808     -16.3670     -18.0948     -18.9022     -19.3368     -19.6486      9.69789      5.09821
587741531710619720      18.6539      16.7356      15.7008      15.1813      14.7398    0.0429431   0.00534448   0.00344432   0.00330501   0.00578115     -16.5599     -18.4176     -19.4219     -19.9178     -20.3561      9.94908      5.02356
587741532228485222      17.9638      16.0942      15.1496      14.6646      14.2630    0.0405299   0.00397055   0.00301502   0.00277640   0.00514314     -17.9271     -19.7258     -20.6322     -21.0808     -21.4834      10.4112     -999.000
587741532770664487      17.5384      15.6395      14.7635      14.3711      14.0408    0.0184796   0.00283217   0.00238190   0.00240729   0.00389548     -17.3841     -19.2585     -20.0918     -20.4749     -20.7977      10.1963     -999.000
587741532787769378      16.2253      14.3720      13.5303      13.1081      12.7701    0.0102346   0.00205881   0.00186481   0.00184760   0.00259754     -18.0127     -19.8380     -20.6543     -21.0677     -21.4011      10.4128     -999.000
587741532792815720      18.0319      15.8997      14.8281      14.2854      13.9015    0.0348779   0.00385065   0.00262848   0.00249991   0.00420848     -18.2981     -20.3607     -21.3617     -21.8711     -22.2505      10.7398      6.03301
587741533303865555      18.8759      16.9439      16.0541      15.6103      15.2924    0.0498057   0.00476278   0.00370401   0.00356474   0.00753621     -17.5443     -19.4070     -20.2298     -20.6332     -20.9520      10.2416     -999.000
587741533304586539      17.9587      15.9756      15.0351      14.5564      14.1887    0.0436101   0.00380334   0.00295937   0.00284461   0.00609683     -18.9849     -20.8816     -21.7412     -22.1642     -22.5378      10.8506      6.34915
587741533850697935      17.5921      15.7487      14.8371      14.4108      14.0795    0.0228786   0.00318776   0.00272912   0.00276525   0.00449042     -18.6156     -20.4107     -21.2483     -21.6491     -21.9739      10.6631      6.00921
587741533861118022      18.0359      16.2195      15.2933      14.7984      14.3800    0.0285593   0.00372459   0.00284377   0.00291293   0.00458895     -17.7766     -19.5057     -20.4119     -20.8615     -21.2848      10.3064      5.99900
587741534393991254      18.2197      16.5202      15.7128      15.2680      14.9176    0.0307855   0.00388251   0.00304745   0.00309559   0.00557246     -17.8573     -19.4586     -20.2521     -20.6353     -20.9999      10.1955      4.92083
587741600416989282      16.6791      14.7727      13.8707      13.4149      13.0806    0.0132315   0.00242325   0.00199191   0.00199566   0.00295016     -18.3688     -20.2433     -21.1043     -21.5475     -21.8756      10.6131      5.92180
587741600959234147      17.0016      15.0169      14.0128      13.5062      13.1029    0.0244841   0.00308752   0.00222844   0.00206486   0.00326816     -19.7559     -21.6593     -22.5848     -23.0443     -23.4490      11.2091      6.12983
587741602035466279      15.6968      13.7932      12.9394      12.4804      12.1448   0.00972333   0.00185814   0.00171417   0.00169550   0.00240280     -18.9268     -20.7940     -21.6203     -22.0664     -22.3978      10.8058      4.77207
587741602037104644      18.5173      16.5710      15.6236      15.1575      14.7560    0.0410805   0.00408339   0.00318798   0.00309759   0.00647450     -18.0847     -19.9565     -20.8322     -21.2541     -21.6577      10.4945     -999.000
587741602562310202      16.2012      14.2264      13.2595      12.7792      12.4294    0.0107072   0.00202324   0.00177122   0.00179220   0.00238795     -18.9992     -20.9433     -21.8631     -22.3309     -22.6737      10.9297      5.67409
587741708345081885      17.6922      15.8297      14.9609      14.5418      14.1865    0.0214269   0.00303234   0.00254320   0.00249583   0.00428762     -18.8106     -20.5963     -21.3999     -21.7722     -22.1318      10.6980     -999.000
587741721748570250      18.7258      16.8302      15.9053      15.4510      15.0878    0.0612862   0.00575423   0.00419244   0.00429422   0.00995090     -18.1724     -19.9933     -20.8312     -21.2362     -21.6019      10.4862      5.91070
587741721749880930      17.2525      15.3517      14.3878      13.8847      13.4779    0.0276936   0.00308312   0.00239166   0.00236735   0.00434773     -18.3729     -20.2021     -21.1353     -21.6051     -22.0116      10.6171      5.37207
587741721753354398      17.1229      15.3245      14.4618      14.0055      13.6228    0.0245557   0.00315595   0.00256512   0.00257436   0.00487595     -18.3259     -20.0438     -20.8933     -21.3101     -21.6963      10.4780      5.76402
587741724963569727      19.2675      17.4560      16.4879      15.9962      15.6444    0.0835214    0.0106859   0.00626903   0.00612971    0.0148697     -17.6139     -19.3485     -20.2330     -20.6754     -21.0295      10.2575      6.31937
587741724969271394      17.3537      15.4933      14.6246      14.2218      13.8972    0.0143054   0.00275828   0.00228218   0.00234292   0.00355921     -18.6959     -20.5090     -21.3106     -21.6885     -22.0068      10.6789     -999.000
587741816781144072      17.9507      16.0777      15.1748      14.7267      14.3468    0.0329576   0.00347374   0.00278353   0.00274094   0.00539803     -17.6251     -19.4377     -20.3054     -20.7245     -21.1028      10.2721      5.22993
587741816788025484      17.3496      15.4101      14.5050      14.0218      13.5894    0.0272398   0.00287570   0.00235881   0.00230781   0.00412416     -18.4480     -20.2885     -21.1811     -21.6136     -22.0534      10.6015      6.07575
587741817321881703      17.4719      15.5664      14.6602      14.1923      13.8393    0.0213049   0.00300554   0.00241029   0.00247303   0.00376025     -18.8576     -20.6857     -21.5365     -21.9609     -22.3171      10.7661      6.22581
587741817858621525      18.1086      16.2969      15.4056      14.9571      14.5611    0.0508245   0.00420096   0.00593147   0.00407552   0.00618756     -18.2110     -19.9324     -20.7888     -21.1817     -21.5882      10.4394     -999.000
587741821063266417      17.6644      16.1515      15.3208      14.9306      14.6261    0.0673444   0.00762754   0.00676665   0.00882380    0.0215768     -16.9225     -18.3949     -19.2058     -19.5803     -19.8819      9.79860     -999.000
587741829117247630      18.2947      16.3188      15.3819      14.8734      14.4647    0.0484396   0.00484622   0.00360048   0.00354559   0.00690829     -17.5544     -19.4379     -20.3529     -20.8153     -21.2290      10.2887      6.00342
587741829122555949      16.1925      14.2690      13.4210      12.9982      12.6528   0.00956883   0.00197533   0.00179688   0.00180922   0.00249717     -18.7168     -20.6049     -21.4183     -21.8273     -22.1675      10.7227      5.50028
587742012751610014      18.5085      16.8684      15.9350      15.4448      15.0615    0.0521770   0.00712374   0.00440215   0.00427774   0.00838853     -18.2881     -19.8673     -20.7371     -21.1751     -21.5646      10.4425      5.37929
587742012758491223      17.6465      15.7430      14.8269      14.3845      14.0676    0.0197617   0.00319901   0.00244017   0.00241421   0.00373461     -18.8435     -20.6917     -21.5239     -21.9349     -22.2466      10.7740     -999.000
587742013268033604      17.1693      15.2772      14.3651      13.9134      13.5856    0.0221775   0.00274966   0.00223210   0.00209571   0.00330734     -18.8139     -20.6561     -21.5069     -21.9332     -22.2562      10.7684      5.76143
587742013279568111      17.3927      15.2996      14.3236      13.8643      13.4200    0.0293764   0.00320443   0.00234268   0.00218066   0.00339728     -18.0215     -20.0593     -20.9983     -21.4338     -21.8746      10.5671      4.80695
587742015428689994      16.7498      14.8518      13.8661      13.3749      12.9714    0.0149274   0.00227847   0.00195544   0.00194374   0.00266128     -17.4871     -19.3504     -20.3125     -20.7932     -21.1928      10.3004      5.84412
587742060521390258      18.3137      16.5623      15.6940      15.2265      14.8433    0.0635082   0.00589381   0.00429644   0.00385448   0.00811181     -18.0183     -19.6854     -20.5219     -20.9332     -21.3278      10.3313      5.39591
587742060535676938      16.2859      14.3808      13.6294      13.0942      12.6693    0.0203412   0.00246269   0.00215589   0.00198007   0.00293357     -18.0147     -19.8467     -20.6082     -21.1171     -21.5447      10.3318      5.95717
587742060544720980      16.7767      14.7212      13.7875      13.3120      12.9500    0.0143949   0.00219626   0.00190302   0.00183718   0.00249019     -17.9122     -19.9406     -20.8384     -21.3043     -21.6605      10.5168      5.22805
587742061048234000      17.9601      15.8817      14.8280      14.2779      13.8437    0.0400717   0.00371778   0.00271742   0.00257669   0.00445824     -18.9323     -20.9104     -21.8901     -22.3834     -22.8213      10.9370      6.05476
587742062134952062      16.8130      14.9811      14.1146      13.6541      13.2900    0.0134107   0.00246184   0.00206458   0.00207781   0.00285938     -18.6457     -20.4069     -21.2503     -21.6771     -22.0421      10.6359     -999.000
587742062693122211      16.6171      14.8354      13.9125      13.4193      13.0762    0.0230996   0.00250861   0.00210383   0.00207167   0.00314603     -18.1478     -19.8922     -20.7860     -21.2652     -21.6041      10.4831      6.09430
587742188833013886      18.7205      17.1029      16.2545      15.8022      15.4430    0.0428241   0.00569587   0.00387283   0.00391317   0.00765566     -17.7184     -19.2626     -20.0716     -20.4692     -20.8393      10.1463      5.35924
587742549600174229      17.3002      15.3499      14.4902      14.0547      13.6630    0.0189740   0.00324610   0.00237727   0.00237428   0.00352089     -17.0003     -18.9049     -19.7491     -20.1699     -20.5595      10.0337     -999.000
587742550139928689      17.7681      15.7708      14.8804      14.4327      14.0386    0.0522257   0.00376727   0.00295273   0.00276417   0.00511886     -18.8120     -20.7265     -21.5599     -21.9540     -22.3566      10.7618      6.39134
587742551224221907      17.3728      15.4713      14.5722      14.1079      13.7706    0.0318381   0.00309147   0.00250392   0.00246639   0.00503519     -18.7894     -20.6187     -21.4675     -21.8922     -22.2313      10.7374      5.95074
587742551748771887      17.0169      15.1459      14.2494      13.7604      13.4256    0.0156755   0.00258883   0.00216692   0.00219202   0.00309086     -17.6711     -19.5048     -20.3725     -20.8483     -21.1787      10.3165     -999.000
587742573760741446      16.7666      14.8659      13.9872      13.5375      13.2153    0.0133149   0.00229673   0.00200490   0.00202868   0.00286517     -17.3866     -19.2683     -20.1176     -20.5615     -20.8782      10.2186     -999.000
587742576992976910      17.1023      15.3711      14.5426      14.1290      13.8248    0.0209676   0.00274963   0.00235092   0.00231181   0.00440656     -18.9936     -20.6546     -21.4357     -21.8082     -22.1147      10.7007     -999.000
587742577522966632      18.1021      16.3180      15.5026      15.0713      14.7434    0.0363512   0.00437881   0.00336627   0.00351638   0.00646055     -17.7066     -19.4092     -20.2009     -20.5864     -20.9201      10.1925      5.67016
587742589333274727      17.1289      15.2911      14.4522      14.0060      13.6389    0.0215036   0.00285695   0.00235726   0.00233865   0.00399785     -18.9971     -20.7366     -21.5513     -21.9400     -22.3187      10.7335     -999.000
587742615639294556      18.0531      16.2445      15.3952      14.9503      14.5973    0.0428093   0.00412674   0.00328002   0.00318996   0.00680232     -18.4358     -20.1535     -20.9587     -21.3441     -21.7099      10.5031      5.71352
587742616169021634      17.9692      16.0492      15.1275      14.6664      14.3176    0.0325702   0.00379751   0.00289423   0.00303465   0.00535104     -18.6233     -20.4698     -21.3182     -21.7356     -22.0864      10.6843      6.12797
587742629057331221      15.9801      14.1034      13.2183      12.8297      12.5031    0.0101535   0.00204284   0.00179447   0.00181189   0.00226653     -18.6368     -20.4978     -21.3418     -21.7252     -22.0440      10.7017      5.70275
587742629070831737      15.5782      13.6172      12.7340      12.2530      11.9263   0.00800247   0.00185706   0.00168939   0.00167594   0.00196476     -18.0563     -20.0060     -20.8634     -21.3415     -21.6631      10.5330      4.46033
587742775093493871      15.1440      13.1393      12.1462      11.6511      11.3981   0.00882587   0.00186830   0.00164685   0.00166817   0.00206726     -17.6337     -19.6300     -20.6058     -21.0990     -21.3488      10.4203      5.57051
587742775625908313      17.8018      16.0097      15.0765      14.6306      14.2573    0.0319156   0.00360978   0.00280558   0.00284776   0.00502861     -18.4391     -20.1755     -21.0422     -21.4573     -21.8272      10.5808      5.69779
587742863139209346      17.0961      15.4517      14.6275      14.1400      13.8032    0.0348580   0.00539173   0.00382896   0.00314908   0.00563698     -17.1956     -18.8052     -19.6170     -20.0915     -20.4263      9.97808      5.56928
587742863676473405      15.6780      14.3833      13.6494      13.2971      12.9885   0.00962019   0.00216668   0.00195240   0.00190729   0.00285149     -18.5608     -19.8294     -20.5554     -20.8933     -21.2006      10.2909      5.37424
587742888898920605      18.2635      16.2369      15.1896      14.6742      14.2608    0.0518183   0.00489595   0.00304010   0.00294350   0.00534930     -18.1617     -20.1193     -21.0935     -21.5739     -21.9838      10.6261      5.70879
587742902329147460      17.3540      15.4945      14.6079      14.1367      13.7415    0.0369150   0.00335180   0.00270846   0.00258486   0.00485233     -19.4995     -21.2642     -22.0984     -22.5004     -22.9122      10.9653      6.01101
587742902332555349      15.7714      13.7887      12.9003      12.4615      12.1423    0.0109731   0.00185223   0.00169246   0.00167286   0.00226622     -18.8168     -20.7816     -21.6312     -22.0639     -22.3760      10.8278     -999.000
587742903398826008      18.2411      16.2031      15.1614      14.6685      14.2793    0.0360070   0.00360586   0.00280761   0.00276971   0.00522553     -18.7587     -20.7293     -21.6643     -22.1170     -22.5000      10.8499      6.16566
587744874787766342      17.2818      15.3105      14.3918      13.9162      13.5188    0.0295962   0.00289854   0.00245431   0.00240398   0.00467239     -18.6270     -20.5183     -21.4036     -21.8383     -22.2387      10.7100     -999.000
587745243615002664      14.9641      13.0825      12.2000      11.7825      11.4943   0.00553163   0.00165273   0.00160061   0.00159530   0.00188329     -18.2909     -20.1662     -21.0253     -21.4415     -21.7248      10.5813     -999.000
587745243629617215      16.0718      14.4795      13.7485      13.3643      13.0095    0.0103551   0.00220527   0.00199583   0.00200009   0.00289152     -18.7320     -20.2391     -20.9804     -21.3253     -21.6866      10.4238     -999.000
587745244158361836      17.5805      15.8422      14.9846      14.5226      14.1492    0.0230574   0.00304781   0.00260225   0.00251677   0.00440637     -17.4435     -19.1112     -19.9600     -20.3914     -20.7664      10.1016      5.43598
587745244164522086      19.0909      17.0881      16.0110      15.4322      14.9401     0.109091   0.00688889   0.00470598   0.00430148    0.0101793     -17.8670     -19.7865     -20.8017     -21.3171     -21.8136      10.4998      6.45905
587745404149694601      17.0042      14.9877      14.0337      13.5566      13.1908    0.0240171   0.00257113   0.00206542   0.00204615   0.00302052     -19.2315     -21.1868     -22.0756     -22.5207     -22.8836      11.0019      5.91459
587745539984195770      17.5744      15.7334      14.8271      14.3459      13.9668    0.0257236   0.00328831   0.00259091   0.00248633   0.00433186     -19.3554     -21.0940     -21.9401     -22.3517     -22.7463      10.9098     -999.000
587745541054595115      16.0393      14.2232      13.4466      13.0627      12.8130   0.00847489   0.00196641   0.00177731   0.00182443   0.00241286     -16.8277     -18.6389     -19.3953     -19.7787     -20.0234      9.91974     -999.000
587746214281609223      16.8775      14.9956      14.1187      13.6889      13.3312    0.0169648   0.00241328   0.00206152   0.00207376   0.00336661     -18.5026     -20.3334     -21.1741     -21.5806     -21.9349      10.6182      4.69024
587748928160792742      18.1946      16.2351      15.2926      14.8160      14.4007    0.0637571   0.00467690   0.00337040   0.00306183   0.00608784     -17.7252     -19.6145     -20.5179     -20.9579     -21.3742      10.3641      5.83618
588007004700606650      17.4666      15.9082      15.1397      14.7311      14.3986    0.0182513   0.00325419   0.00272292   0.00269816   0.00499499     -17.5130     -19.0030     -19.7689     -20.1443     -20.4803      9.98141      5.79630
588007004701130824      17.2500      15.3645      14.4566      13.9936      13.6391    0.0157566   0.00268192   0.00223047   0.00219672   0.00346271     -18.3857     -20.2166     -21.0815     -21.5186     -21.8699      10.5938     -999.000
588007004734619865      18.0719      16.2145      15.2923      14.8316      14.4583    0.0397861   0.00461311   0.00329558   0.00313564   0.00692368     -18.7854     -20.5629     -21.4064     -21.8144     -22.1930      10.7128      5.43528
588009368015863876      16.7223      15.0224      14.2087      13.7874      13.5229    0.0155605   0.00254654   0.00220969   0.00230165   0.00391969     -18.2596     -19.9205     -20.7009     -21.1059     -21.3654      10.4201      5.97177
588009368547360903      18.7983      17.0264      16.1710      15.7010      15.2805    0.0740566    0.0209569    0.0202622   0.00542345    0.0135422     -17.1731     -18.8226     -19.6869     -20.0855     -20.5239      9.95814      5.52238
588009371221491800      16.8905      14.8504      13.8322      13.2952      12.8555    0.0182212   0.00243493   0.00199143   0.00198045   0.00309366     -18.0002     -19.9735     -20.9712     -21.4852     -21.9229      10.5636      5.93403
588010134658547798      17.5606      15.5963      14.6777      14.2384      13.8643    0.0262438   0.00354762   0.00253038   0.00251647   0.00429835     -18.4261     -20.3366     -21.1968     -21.6087     -21.9791      10.6423      5.76490
588010135191093287      17.2784      15.2522      14.3084      13.8398      13.3913    0.0235422   0.00281256   0.00225587   0.00211848   0.00320060     -18.8800     -20.8182     -21.7224     -22.1450     -22.5981      10.8408      5.91691
588010135729995868      17.4617      15.7663      14.9376      14.5323      14.1800    0.0182499   0.00311484   0.00250287   0.00248906   0.00449226     -18.0957     -19.7243     -20.5261     -20.8966     -21.2497      10.3288      5.59808
588010136805113884      17.4364      15.4910      14.5679      14.0918      13.7191    0.0233147   0.00306663   0.00235428   0.00238444   0.00377979     -18.6573     -20.5297     -21.4049     -21.8428     -22.2167      10.7196      5.53923
588010358540140681      16.4569      14.5385      13.6702      13.2475      12.9311    0.0139915   0.00226556   0.00193956   0.00185191   0.00256320     -18.3118     -20.2073     -21.0358     -21.4501     -21.7595      10.5803     -999.000
588010359080157329      17.5503      16.1274      15.3210      14.9061      14.5652    0.0292232   0.00379344   0.00308804   0.00280320   0.00528068     -17.3138     -18.6946     -19.4877     -19.8814     -20.2218      9.89743      5.33780
588010359607656603      17.9243      15.5854      14.5908      14.0281      13.5552    0.0470155   0.00356201   0.00269033   0.00249651   0.00443730     -16.4480     -18.7136     -19.7004     -20.2420     -20.7137      10.0451     -999.000
588010878759272530      16.5251      14.7047      13.7652      13.2234      12.8075    0.0200404   0.00286211   0.00229545   0.00222611   0.00367186     -17.6099     -19.3793     -20.3109     -20.8368     -21.2513      10.2756      5.95160
588011124116160521      15.8574      14.0034      13.2160      12.8358      12.5594   0.00740428   0.00182862   0.00172211   0.00173642   0.00252366     -18.8948     -20.7267     -21.4734     -21.8456     -22.1136      10.7411      5.33890
588013382197903486      16.1111      13.9972      13.1539      12.6946      12.3398    0.0112122   0.00189978   0.00172884   0.00168628   0.00221310     -18.3718     -20.4571     -21.2706     -21.7204     -22.0701      10.6781      5.73868
588013383264632938      16.3329      14.3879      13.4829      13.0606      12.5773    0.0117308   0.00207348   0.00185793   0.00185586   0.00245308     -18.5545     -20.4220     -21.3217     -21.7137     -22.1988      10.6438     -999.000
588013383799013655      18.9499      17.0382      16.0757      15.5643      15.1561    0.0752300   0.00685739   0.00455852   0.00433517   0.00767960     -17.5964     -19.4182     -20.3302     -20.7875     -21.2033      10.2890      5.65120
588013384350826583      16.4391      14.7192      13.8824      13.4246      13.0472    0.0165231   0.00250396   0.00213623   0.00213557   0.00323984     -19.6613     -21.2792     -22.1021     -22.4981     -22.8896      10.9448      6.18551
588015507678822531      16.1075      14.9938      14.4422      14.1396      13.9418    0.0144189   0.00334957   0.00263171   0.00273811   0.00534801     -17.0624     -18.1555     -18.7025     -19.0004     -19.1966      9.44066     -999.000
588015507678887987      15.6322      13.6324      12.6819      12.2258      11.8857    0.0127312   0.00207006   0.00170582   0.00169860   0.00215156     -17.4831     -19.4736     -20.4037     -20.8576     -21.1938      10.3426     -999.000
588015507682295979      16.8029      14.9014      13.9801      13.5372      13.2047    0.0307196   0.00354471   0.00234415   0.00226208   0.00349648     -18.6309     -20.4994     -21.3684     -21.7969     -22.1218      10.7196      5.38357
588015508209270944      18.0508      16.0571      15.1688      14.7165      14.3282    0.0426515   0.00397343   0.00295555   0.00276489   0.00509029     -17.8238     -19.7408     -20.5959     -21.0079     -21.3993      10.3783      5.39541
588015508209991726      15.9882      14.3476      13.6339      13.2796      13.0156   0.00892175   0.00217602   0.00198875   0.00196860   0.00270849     -18.0196     -19.6229     -20.3206     -20.6628     -20.9235      10.2170     -999.000
588015509828075667      15.8799      14.1556      13.3879      13.0194      12.7689    0.0100045   0.00211569   0.00185809   0.00189007   0.00252154     -18.5471     -20.2468     -20.9825     -21.3427     -21.5860      10.5266     -999.000
588015510361210935      15.9701      14.1588      13.3087      12.8300      12.4824    0.0139393   0.00217150   0.00187248   0.00185815   0.00260635     -18.5019     -20.2625     -21.0979     -21.5593     -21.9051      10.5756      5.74205
588015510361604141      15.9389      14.0168      13.1731      12.7229      12.3708    0.0130772   0.00204089   0.00178360   0.00178654   0.00239362     -18.8447     -20.7165     -21.5391     -21.9700     -22.3200      10.7549      5.44546
588016891714338827      16.1270      14.3397      13.5152      13.1001      12.7296   0.00795016   0.00204484   0.00188448   0.00189443   0.00252252     -18.2553     -19.9958     -20.8049     -21.2041     -21.5726      10.4444     -999.000
588016892780281995      17.6255      15.7202      14.7362      14.2332      13.8129    0.0235964   0.00323286   0.00246622   0.00251815   0.00398992     -16.3147     -18.1791     -19.1473     -19.6393     -20.0568      9.82524      5.03174
588017111828856875      17.0079      15.3030      14.5027      14.0961      13.7610    0.0108278   0.00248794   0.00220244   0.00229528   0.00319718     -17.5262     -19.1799     -19.9655     -20.3533     -20.6868      10.0954     -999.000
588017569239072924      17.1290      15.3604      14.5123      14.0788      13.7644    0.0171982   0.00296186   0.00231081   0.00229483   0.00367666     -18.8348     -20.5362     -21.3393     -21.7359     -22.0511      10.6727      5.66450
588017604673339631      18.2197      16.3572      15.4477      14.9704      14.6004    0.0293646   0.00386209   0.00300376   0.00290115   0.00532830     -18.5323     -20.2984     -21.1483     -21.5640     -21.9462      10.5998     -999.000
588017605770805314      16.5596      14.6506      13.7861      13.3229      12.9852    0.0120830   0.00220078   0.00192172   0.00194326   0.00266115     -18.3028     -20.1707     -21.0056     -21.4530     -21.7869      10.5600     -999.000
588017626682032323      17.9863      16.2366      15.3741      14.9035      14.5360    0.0369423   0.00430384   0.00330107   0.00323477   0.00749736     -17.8888     -19.5510     -20.3961     -20.8171     -21.1924      10.2791     -999.000
588017627233059001      18.9260      17.0859      16.1078      15.5721      15.1418    0.0515896   0.00565877   0.00395972   0.00400823   0.00694234     -16.4665     -18.2284     -19.1917     -19.6918     -20.1231      9.83340      5.09386
588017702931333211      17.5240      15.5541      14.5767      14.0868      13.6865    0.0301566   0.00313519   0.00240257   0.00218219   0.00335730     -17.4301     -19.3545     -20.3006     -20.7734     -21.1698      10.2946     -999.000
588017702939983888      17.1898      15.8507      15.1092      14.7709      14.4623    0.0150066   0.00301298   0.00258408   0.00243564   0.00388469     -17.1687     -18.4743     -19.2063     -19.5283     -19.8355      9.74737      5.66940
588017702942277796      16.9639      15.0838      14.2044      13.7620      13.3513    0.0254793   0.00287096   0.00232596   0.00215202   0.00337676     -18.4719     -20.2741     -21.1374     -21.5424     -21.9558      10.5797      5.57648
588017724398436382      16.3504      14.7870      14.0063      13.5774      13.2578    0.0125061   0.00236187   0.00206470   0.00196030   0.00296138     -19.0143     -20.5098     -21.2801     -21.6714     -21.9947      10.6041     -999.000
588017724934979811      17.6683      15.8539      14.9767      14.5310      14.2006    0.0238814   0.00327093   0.00264682   0.00257283   0.00454412     -18.3375     -20.0863     -20.9152     -21.3254     -21.6560      10.5127     -999.000
588017724937142319      15.6593      14.1105      13.3345      12.9509      12.6635   0.00921403   0.00202297   0.00183757   0.00182029   0.00269353     -17.3664     -18.8955     -19.6588     -20.0383     -20.3229      9.97448     -999.000
588017725482074171      15.3729      13.5009      12.6556      12.2151      11.8730   0.00753195   0.00179033   0.00167877   0.00166319   0.00210615     -18.9173     -20.7627     -21.5808     -22.0128     -22.3501      10.7932     -999.000
588017726004396045      15.9806      14.1105      13.2518      12.8098      12.5229    0.0103495   0.00204900   0.00180512   0.00180424   0.00234718     -18.1331     -19.9910     -20.8169     -21.2553     -21.5357      10.5015     -999.000
588017726007214085      15.5370      13.8718      13.1213      12.7239      12.5143   0.00724696   0.00209989   0.00185937   0.00186174   0.00233809     -18.4178     -20.0680     -20.7889     -21.1822     -21.3847      10.4623      5.26547
588017726017306793      18.5583      16.7064      15.8331      15.3645      15.0327    0.0611777   0.00609207   0.00436123   0.00439125   0.00854982     -17.5710     -19.3405     -20.1758     -20.5977     -20.9354      10.2065      5.67124
588017948276555882      18.7755      17.0240      16.1742      15.7140      15.3674    0.0687528   0.00593043   0.00448645   0.00455266   0.00922052     -18.1105     -19.7698     -20.5676     -20.9556     -21.3212      10.3390      5.98248
588017949350101097      15.8241      14.2472      13.5184      13.1014      12.7933    0.0102669   0.00214067   0.00191338   0.00191642   0.00266325     -18.5688     -20.0887     -20.8147     -21.2095     -21.5186      10.3928     -999.000
588017977822674951      16.8476      14.8954      14.0057      13.5704      13.2250    0.0138615   0.00231156   0.00201169   0.00193217   0.00273211     -18.4125     -20.3290     -21.1743     -21.5945     -21.9335      10.6353     -999.000
588017978876100715      17.2582      16.0123      15.4453      15.5674      15.1628    0.0381564   0.00558990   0.00667991    0.0118884    0.0224599     -17.0373     -18.1902     -18.7821     -18.6049     -19.0194      9.14716     -999.000
588017979413299278      15.9337      13.8535      12.9018      12.4272      12.0962   0.00870063   0.00185218   0.00166676   0.00165833   0.00201042     -18.4060     -20.4687     -21.3861     -21.8550     -22.1800      10.7387     -999.000
588017979438596301      18.2879      16.3180      15.3637      14.8607      14.4902    0.0492244   0.00478237   0.00345241   0.00362172   0.00824497     -18.1170     -20.0013     -20.9024     -21.3582     -21.7332      10.5218      6.06331
588017979453931801      17.6601      15.7806      14.8961      14.4511      14.1144    0.0230270   0.00328142   0.00264518   0.00273413   0.00434353     -18.9297     -20.7297     -21.5465     -21.9426     -22.2845      10.7619      5.90380
588017990688833592      18.1175      16.2173      15.3536      14.9162      14.5833    0.0464428   0.00422555   0.00327615   0.00291096   0.00575269     -17.7881     -19.6222     -20.4432     -20.8451     -21.1786      10.3178      5.15137
588017990693421170      18.4791      16.5157      15.6013      15.1614      14.7350    0.0688705   0.00523500   0.00378995   0.00334455   0.00646033     -18.4049     -20.3108     -21.1447     -21.5373     -21.9659      10.6052      5.62688
588017991236255975      17.5780      15.3802      14.3060      13.7617      13.3028    0.0475515   0.00343646   0.00247840   0.00230757   0.00400978     -18.6744     -20.7848     -21.8036     -22.3074     -22.7653      10.9114      5.98772
588018055111377072      17.6224      15.8509      15.0302      14.5780      14.2464    0.0278001   0.00350306   0.00266997   0.00251680   0.00458207     -17.1890     -18.9003     -19.7090     -20.1365     -20.4683      10.0002      5.88653
588018056734572605      16.1669      14.1330      13.2423      12.8174      12.5098   0.00867595   0.00191851   0.00172288   0.00174640   0.00221155     -18.9991     -21.0126     -21.8506     -22.2676     -22.5660      10.9147     -999.000
588018089471115524      15.6081      13.8860      13.0301      12.5827      12.2925    0.0142397   0.00228379   0.00180434   0.00177455   0.00242216     -18.5949     -20.2983     -21.1241     -21.5658     -21.8502      10.6157      6.17699
588018091086839912      16.6396      14.8257      13.9602      13.5003      13.2136    0.0143795   0.00242802   0.00202209   0.00207703   0.00309279     -18.5729     -20.3505     -21.1737     -21.6182     -21.8987      10.6329      5.29693
588018253767377118      17.7608      16.1372      15.3101      14.9019      14.5899    0.0346533   0.00394753   0.00309329   0.00304371   0.00692829     -18.7255     -20.2835     -21.0504     -21.4115     -21.7284      10.5406      5.49069
588018254296318126      17.8193      15.7373      14.7531      14.2768      13.9303    0.0233890   0.00305968   0.00236116   0.00241590   0.00376928     -18.8899     -20.9138     -21.8030     -22.2458     -22.5866      10.9001      6.03734
588018254297038899      17.2296      15.6413      14.9329      14.5496      14.2899    0.0161858   0.00292451   0.00247908   0.00261779   0.00455410     -18.8021     -20.2896     -20.9860     -21.3000     -21.5765      10.4453     -999.000
588023046403194942      16.0569      14.2908      13.4088      12.9608      12.5889   0.00907659   0.00209359   0.00188312   0.00186344   0.00244086     -16.6973     -18.4443     -19.3144     -19.7590     -20.1285      9.87628     -999.000
588023046943473782      17.0615      15.6913      14.3945      13.9002      13.5402    0.0202970   0.00319707   0.00226924   0.00220501   0.00390778     -16.9945     -18.3239     -19.5949     -20.0786     -20.4343      10.0175      4.89837
588023668098138250      17.4014      15.3162      14.2981      13.7944      13.3672    0.0248615   0.00303995   0.00221980   0.00215836   0.00316162     -18.4821     -20.5047     -21.4712     -21.9461     -22.3699      10.7726      6.25444
588023668630618202      16.9884      15.0462      14.1377      13.6772      13.2637    0.0278485   0.00273716   0.00220674   0.00206237   0.00327101     -18.1692     -20.0421     -20.9339     -21.3650     -21.7787      10.5109      5.28991
588023668636516545      18.4250      16.5439      15.6890      15.2457      14.8418    0.0548052   0.00465072   0.00361392   0.00325693   0.00607778     -17.8163     -19.6071     -20.4330     -20.8198     -21.2351      10.2898      5.17394
588023669172666559      18.2283      16.4233      15.4754      14.9733      14.5637    0.0403942   0.00444274   0.00330572   0.00307502   0.00573700     -18.7321     -20.4534     -21.3371     -21.7760     -22.1960      10.6823      6.08853
588023669707374712      16.8692      15.0640      14.2352      13.8134      13.4257    0.0158986   0.00248311   0.00219703   0.00214921   0.00329264     -17.3522     -19.1008     -19.9233     -20.3267     -20.7141      10.0699      5.12042
588023669707440191      16.2165      14.4450      13.6727      13.2896      12.9542    0.0105793   0.00205990   0.00188863   0.00186414   0.00273294     -18.0754     -19.7993     -20.5587     -20.9253     -21.2591      10.3218      5.34741
588023669709275276      18.9688      16.9490      16.0080      15.5590      15.1595    0.0737888   0.00540990   0.00392986   0.00417637   0.00869945     -17.8043     -19.7570     -20.6114     -21.0179     -21.4170      10.4068      5.98288
588023669709471947      17.5607      15.5073      14.5972      14.1667      13.8125    0.0278397   0.00281668   0.00233519   0.00228856   0.00409047     -19.2332     -21.2179     -22.0375     -22.4250     -22.7786      10.9702      5.45489
588848899368353849      15.4506      13.7084      12.8929      12.4531      12.1488   0.00841861   0.00192294   0.00176008   0.00173662   0.00231981     -18.3710     -20.0892     -20.8835     -21.3169     -21.6170      10.5031      5.00619
588848899376939030      17.0173      15.2605      14.3985      13.9123      13.5597    0.0150275   0.00268836   0.00226546   0.00217882   0.00327257     -18.2997     -19.9806     -20.8292     -21.2799     -21.6348      10.4601     -999.000
588848900972544080      15.3726      13.4663      12.5954      12.1107      11.7752   0.00575983   0.00180129   0.00166319   0.00165898   0.00196051     -17.5752     -19.4732     -20.3252     -20.8081     -21.1399      10.3202      5.11649
